0.0 1.0 -12.68 2.1 null null 2000052900 UNNAMED_N11117
1.0 1.0 -12.92 2.14 null null 2000052906 UNNAMED_N11117
2.0 1.0 -13.16 2.18 null null 2000052912 UNNAMED_N11117
3.0 1.0 -13.4 2.22 null null 2000052918 UNNAMED_N11117
4.0 1.0 -13.52 2.28 null null 2000053000 UNNAMED_N11117
5.0 1.0 -13.64 2.34 null null 2000053006 UNNAMED_N11117
6.0 1.0 -13.74 2.4 null null 2000053012 UNNAMED_N11117
7.0 1.0 -13.78 2.52 0.86 -1.12 2000053018 UNNAMED_N11117
8.0 1.0 -13.78 2.68 0.84 -1.0 2000053100 UNNAMED_N11117
9.0 1.0 -13.84 2.86 0.84 -1.0 2000053106 UNNAMED_N11117
10.0 1.0 -13.96 2.98 0.82 -1.0 2000053112 UNNAMED_N11117
11.0 1.0 -14.08 3.08 0.82 -1.0 2000053118 UNNAMED_N11117
12.0 1.0 -14.22 3.24 0.82 -1.0 2000060100 UNNAMED_N11117
13.0 1.0 -14.36 3.36 0.86 -1.12 2000060106 UNNAMED_N11117
14.0 1.0 -14.5 3.5 0.86 -1.12 2000060112 UNNAMED_N11117
15.0 1.0 -14.84 3.8 0.9 -1.2 2000060118 UNNAMED_N11117
