0.0 1.0 -8.14 1.66 0.96 -0.4 2000102418 XANGSANE
1.0 1.0 -8.38 1.68 0.96 -0.28 2000102500 XANGSANE
2.0 1.0 -8.6 1.8 0.88 -0.28 2000102506 XANGSANE
3.0 1.0 -8.86 1.82 0.88 -0.4 2000102512 XANGSANE
4.0 1.0 -9.14 1.86 0.88 -0.4 2000102518 XANGSANE
5.0 1.0 -9.38 1.98 0.88 -1.0 2000102600 XANGSANE
6.0 1.0 -9.72 2.04 0.76 -0.2 2000102606 XANGSANE
7.0 1.0 -9.98 2.14 0.72 0.0 2000102612 XANGSANE
8.0 1.0 -10.22 2.24 0.64 0.2 2000102618 XANGSANE
9.0 1.0 -10.42 2.4 0.5 0.4 2000102700 XANGSANE
10.0 1.0 -10.76 2.5 0.4 0.6 2000102706 XANGSANE
11.0 1.0 -11.02 2.66 0.3 0.8 2000102712 XANGSANE
12.0 1.0 -11.28 2.72 0.3 0.8 2000102718 XANGSANE
13.0 1.0 -11.52 2.76 0.4 0.6 2000102800 XANGSANE
14.0 1.0 -11.72 2.84 0.5 0.4 2000102806 XANGSANE
15.0 1.0 -11.88 2.92 0.6 0.2 2000102812 XANGSANE
16.0 1.0 -12.02 3.06 0.6 0.2 2000102818 XANGSANE
17.0 1.0 -12.18 3.16 0.6 0.2 2000102900 XANGSANE
18.0 1.0 -12.34 3.18 0.5 0.4 2000102906 XANGSANE
19.0 1.0 -12.4 3.2 0.4 0.6 2000102912 XANGSANE
20.0 1.0 -12.4 3.24 0.3 0.8 2000102918 XANGSANE
21.0 1.0 -12.34 3.3 0.1 1.2 2000103000 XANGSANE
22.0 1.0 -12.26 3.34 0.0 1.4 2000103006 XANGSANE
23.0 1.0 -12.16 3.44 0.0 1.4 2000103012 XANGSANE
24.0 1.0 -12.1 3.6 0.0 1.4 2000103018 XANGSANE
25.0 1.0 -12.06 3.72 0.0 1.4 2000103100 XANGSANE
26.0 1.0 -11.96 3.92 0.0 1.4 2000103106 XANGSANE
27.0 1.0 -11.88 4.18 0.0 1.4 2000103112 XANGSANE
28.0 1.0 -11.76 4.48 0.1 1.2 2000103118 XANGSANE
29.0 1.0 -11.6 4.84 0.3 0.8 2000110100 XANGSANE
30.0 1.0 -11.4 5.24 0.5 0.4 2000110106 XANGSANE
31.0 1.0 -10.86 5.76 0.64 -0.8 2000110112 XANGSANE
32.0 1.0 -10.2 6.24 0.8 -0.6 2000110118 XANGSANE
33.0 1.0 -9.64 6.54 0.92 -0.6 2000110200 XANGSANE
34.0 1.0 -9.02 6.68 0.92 -0.4 2000110206 XANGSANE
