0.0 1.0 -9.46 1.64 0.8 null 2000112700 RUMBIA
1.0 1.0 -9.62 1.68 0.8 null 2000112706 RUMBIA
2.0 1.0 -9.72 1.7 0.76 null 2000112712 RUMBIA
3.0 1.0 -9.8 1.72 0.72 -0.2 2000112718 RUMBIA
4.0 1.0 -9.84 1.72 0.6 0.0 2000112800 RUMBIA
5.0 1.0 -9.88 1.72 0.64 0.0 2000112806 RUMBIA
6.0 1.0 -9.94 1.74 0.64 0.0 2000112812 RUMBIA
7.0 1.0 -10.06 1.78 0.64 0.0 2000112818 RUMBIA
8.0 1.0 -10.24 1.86 0.64 0.0 2000112900 RUMBIA
9.0 1.0 -10.4 1.92 0.68 0.0 2000112906 RUMBIA
10.0 1.0 -10.56 2.02 0.6 0.0 2000112912 RUMBIA
11.0 1.0 -10.72 2.12 0.68 0.0 2000112918 RUMBIA
12.0 1.0 -10.92 2.22 0.76 -0.68 2000113000 RUMBIA
13.0 1.0 -11.14 2.3 0.8 -0.68 2000113006 RUMBIA
14.0 1.0 -11.3 2.36 0.8 -0.68 2000113012 RUMBIA
15.0 1.0 -11.46 2.38 0.84 -0.68 2000113018 RUMBIA
16.0 1.0 -11.62 2.38 0.84 -0.8 2000120100 RUMBIA
17.0 1.0 -11.66 2.34 0.88 -0.8 2000120106 RUMBIA
18.0 1.0 -11.72 2.36 0.7 -0.8 2000120112 RUMBIA
19.0 1.0 -11.84 2.38 0.76 -0.88 2000120118 RUMBIA
20.0 1.0 -11.84 2.4 0.8 -1.0 2000120200 RUMBIA
21.0 1.0 -12.02 2.38 0.8 -1.0 2000120206 RUMBIA
22.0 1.0 -12.18 2.34 0.84 -1.12 2000120212 RUMBIA
23.0 1.0 -12.38 2.32 0.84 -1.12 2000120218 RUMBIA
24.0 1.0 -12.6 2.28 0.84 -1.12 2000120300 RUMBIA
25.0 1.0 -12.82 2.24 0.84 -1.12 2000120306 RUMBIA
26.0 1.0 -12.98 2.18 0.84 -1.12 2000120312 RUMBIA
27.0 1.0 -13.06 2.14 0.8 -1.12 2000120318 RUMBIA
28.0 1.0 -13.14 2.06 0.76 -1.0 2000120400 RUMBIA
29.0 1.0 -13.18 2.0 0.76 -1.0 2000120406 RUMBIA
30.0 1.0 -13.22 1.96 0.76 -1.0 2000120412 RUMBIA
31.0 1.0 -13.26 1.92 0.7 -0.88 2000120418 RUMBIA
32.0 1.0 -13.34 1.88 0.7 -0.88 2000120500 RUMBIA
33.0 1.0 -13.4 1.82 0.7 -0.88 2000120506 RUMBIA
34.0 1.0 -13.46 1.8 0.6 -0.8 2000120512 RUMBIA
35.0 1.0 -13.54 1.8 0.6 -0.8 2000120518 RUMBIA
36.0 1.0 -13.62 1.82 0.6 -0.8 2000120600 RUMBIA
37.0 1.0 -13.7 1.88 0.7 -0.88 2000120606 RUMBIA
38.0 1.0 -13.84 1.96 0.76 -1.0 2000120612 RUMBIA
39.0 1.0 -14.0 1.98 0.76 -1.0 2000120618 RUMBIA
40.0 1.0 -14.14 2.0 0.76 -1.0 2000120700 RUMBIA
41.0 1.0 -14.36 1.96 0.8 -1.12 2000120706 RUMBIA
42.0 1.0 -14.48 1.92 0.8 -1.12 2000120712 RUMBIA
43.0 1.0 -14.66 1.82 0.84 -1.12 2000120718 RUMBIA
44.0 1.0 -14.74 1.72 null null 2000120800 RUMBIA
