0.0 1.0 -12.56 3.32 0.8 -0.4 2000090406 WUKONG
1.0 1.0 -12.68 3.34 0.8 -0.28 2000090412 WUKONG
2.0 1.0 -12.7 3.34 0.8 -0.28 2000090418 WUKONG
3.0 1.0 -12.66 3.32 0.8 -0.28 2000090500 WUKONG
4.0 1.0 -12.62 3.34 0.76 -0.4 2000090506 WUKONG
5.0 1.0 -12.56 3.38 0.72 -0.4 2000090512 WUKONG
6.0 1.0 -12.5 3.46 0.68 -1.0 2000090518 WUKONG
7.0 1.0 -12.46 3.56 0.64 -0.2 2000090600 WUKONG
8.0 1.0 -12.5 3.66 0.6 0.0 2000090606 WUKONG
9.0 1.0 -12.58 3.74 0.5 0.4 2000090612 WUKONG
10.0 1.0 -12.68 3.78 0.5 0.4 2000090618 WUKONG
11.0 1.0 -12.8 3.78 0.4 0.6 2000090700 WUKONG
12.0 1.0 -12.88 3.8 0.4 0.6 2000090706 WUKONG
13.0 1.0 -12.96 3.8 0.3 0.8 2000090712 WUKONG
14.0 1.0 -13.06 3.8 0.2 1.0 2000090718 WUKONG
15.0 1.0 -13.16 3.78 0.0 1.2 2000090800 WUKONG
16.0 1.0 -13.32 3.76 -0.1 1.4 2000090806 WUKONG
17.0 1.0 -13.5 3.74 -0.1 1.4 2000090812 WUKONG
18.0 1.0 -13.68 3.7 0.0 1.2 2000090818 WUKONG
19.0 1.0 -13.88 3.68 0.0 1.2 2000090900 WUKONG
20.0 1.0 -14.06 3.64 0.2 0.8 2000090906 WUKONG
21.0 1.0 -14.22 3.66 0.3 0.6 2000090912 WUKONG
22.0 1.0 -14.38 3.7 0.4 0.4 2000090918 WUKONG
23.0 1.0 -14.6 3.66 0.5 0.4 2000091000 WUKONG
24.0 1.0 -14.84 3.62 0.6 0.2 2000091006 WUKONG
25.0 1.0 -15.12 3.6 0.72 -0.88 2000091012 WUKONG
26.0 1.0 -15.5 3.58 0.8 -0.68 2000091018 WUKONG
