0.0 1.0 -8.16 1.66 0.5 -0.6 2000081706 BILIS
1.0 1.0 -8.18 1.82 0.6 -0.68 2000081712 BILIS
2.0 1.0 -8.18 1.92 0.64 -0.8 2000081718 BILIS
3.0 1.0 -8.24 2.04 0.64 -0.8 2000081800 BILIS
4.0 1.0 -8.34 2.22 0.64 -0.8 2000081806 BILIS
5.0 1.0 -8.5 2.36 0.88 -1.0 2000081812 BILIS
6.0 1.0 -8.6 2.5 0.84 -1.0 2000081818 BILIS
7.0 1.0 -8.78 2.68 0.8 -1.0 2000081900 BILIS
8.0 1.0 -8.92 2.92 0.72 -0.2 2000081906 BILIS
9.0 1.0 -9.06 3.08 0.64 0.2 2000081912 BILIS
10.0 1.0 -9.3 3.22 0.5 0.4 2000081918 BILIS
11.0 1.0 -9.5 3.28 0.4 0.4 2000082000 BILIS
12.0 1.0 -9.66 3.36 0.3 0.6 2000082006 BILIS
13.0 1.0 -9.86 3.52 0.0 1.2 2000082012 BILIS
14.0 1.0 -10.08 3.64 -0.3 1.6 2000082018 BILIS
15.0 1.0 -10.34 3.76 -0.5 2.0 2000082100 BILIS
16.0 1.0 -10.56 3.86 -0.6 2.0 2000082106 BILIS
17.0 1.0 -10.78 3.94 -0.8 2.4 2000082112 BILIS
18.0 1.0 -10.98 4.06 -0.8 2.8 2000082118 BILIS
19.0 1.0 -11.2 4.16 -0.8 2.8 2000082200 BILIS
20.0 1.0 -11.42 4.32 -0.8 2.8 2000082206 BILIS
21.0 1.0 -11.6 4.5 -0.8 2.8 2000082212 BILIS
22.0 1.0 -11.94 4.72 -0.2 2.0 2000082218 BILIS
23.0 1.0 -12.22 4.86 0.2 1.0 2000082300 BILIS
24.0 1.0 -12.42 5.0 0.5 0.2 2000082306 BILIS
25.0 1.0 -12.66 5.06 0.68 -0.6 2000082312 BILIS
26.0 1.0 -12.74 5.08 0.72 -0.88 2000082318 BILIS
27.0 1.0 -12.74 5.16 0.76 -1.0 2000082400 BILIS
28.0 1.0 -12.68 5.36 0.76 -1.0 2000082406 BILIS
29.0 1.0 -12.62 5.6 0.76 -1.12 2000082412 BILIS
30.0 1.0 -12.52 5.8 0.8 -1.12 2000082418 BILIS
31.0 1.0 -12.4 6.02 0.8 -1.12 2000082500 BILIS
32.0 1.0 -12.24 6.28 0.8 -1.12 2000082506 BILIS
33.0 1.0 -12.02 6.4 0.8 -1.12 2000082512 BILIS
34.0 1.0 -11.8 6.64 0.8 -1.12 2000082518 BILIS
35.0 1.0 -11.7 6.68 0.8 -1.12 2000082600 BILIS
36.0 1.0 -11.48 6.84 0.84 -1.12 2000082606 BILIS
37.0 1.0 -11.22 7.04 0.88 -1.0 2000082612 BILIS
38.0 1.0 -11.04 7.22 0.88 -0.88 2000082618 BILIS
39.0 1.0 -10.92 7.44 0.88 -0.8 2000082700 BILIS
40.0 1.0 -10.76 7.6 0.92 -0.8 2000082706 BILIS
