0.0 1.0 -13.0 4.32 0.8 -0.8 2000082706 MARIA
1.0 1.0 -12.96 4.26 0.8 -0.8 2000082712 MARIA
2.0 1.0 -12.9 4.24 0.8 -0.8 2000082718 MARIA
3.0 1.0 -12.86 4.22 0.8 -0.68 2000082800 MARIA
4.0 1.0 -12.88 4.16 0.76 -0.68 2000082806 MARIA
5.0 1.0 -12.94 4.06 0.72 -0.2 2000082812 MARIA
6.0 1.0 -12.96 3.96 0.64 -0.2 2000082818 MARIA
7.0 1.0 -12.94 3.84 0.64 -0.2 2000082900 MARIA
8.0 1.0 -12.88 3.76 0.64 -0.2 2000082906 MARIA
9.0 1.0 -12.86 3.72 0.6 -0.2 2000082912 MARIA
10.0 1.0 -12.86 3.72 0.6 -0.2 2000082918 MARIA
11.0 1.0 -12.86 3.7 0.6 -0.2 2000083000 MARIA
12.0 1.0 -12.86 3.72 0.6 -0.2 2000083006 MARIA
13.0 1.0 -12.78 3.82 0.6 -0.2 2000083012 MARIA
14.0 1.0 -12.76 3.92 0.6 -0.2 2000083018 MARIA
15.0 1.0 -12.78 4.06 0.5 0.0 2000083100 MARIA
16.0 1.0 -12.86 4.18 0.5 0.0 2000083106 MARIA
17.0 1.0 -12.9 4.32 0.5 0.0 2000083112 MARIA
18.0 1.0 -12.96 4.48 0.5 0.0 2000083118 MARIA
19.0 1.0 -13.08 4.66 0.6 -0.2 2000090100 MARIA
20.0 1.0 -13.14 4.86 0.6 -0.88 2000090106 MARIA
21.0 1.0 -13.14 5.06 0.72 -1.0 2000090112 MARIA
22.0 1.0 -13.2 5.34 0.76 -1.12 2000090118 MARIA
23.0 1.0 -13.24 5.5 0.8 -1.12 2000090200 MARIA
24.0 1.0 -13.3 5.72 0.84 -1.2 2000090206 MARIA
25.0 1.0 -13.5 5.9 0.84 null 2000090212 MARIA
26.0 1.0 -13.66 5.96 0.88 -1.12 2000090218 MARIA
