0.0 1.0 -12.24 3.22 0.84 null 2000051706 LONGWANG
1.0 1.0 -12.1 3.2 0.84 -1.2 2000051712 LONGWANG
2.0 1.0 -11.96 3.2 0.84 -1.12 2000051718 LONGWANG
3.0 1.0 -11.76 3.24 0.84 -1.12 2000051800 LONGWANG
4.0 1.0 -11.5 3.6 0.8 -1.12 2000051806 LONGWANG
5.0 1.0 -11.32 3.84 0.8 -1.12 2000051812 LONGWANG
6.0 1.0 -11.14 4.06 0.8 -1.0 2000051818 LONGWANG
7.0 1.0 -10.92 4.22 0.76 -0.2 2000051900 LONGWANG
8.0 1.0 -10.66 4.44 0.68 0.0 2000051906 LONGWANG
9.0 1.0 -10.3 4.66 0.68 0.0 2000051912 LONGWANG
10.0 1.0 -9.8 4.96 0.6 0.2 2000051918 LONGWANG
11.0 1.0 -9.02 5.3 0.68 0.0 2000052000 LONGWANG
12.0 1.0 -8.2 5.64 0.72 -1.0 2000052006 LONGWANG
13.0 1.0 -7.6 6.06 0.8 -1.0 2000052012 LONGWANG
14.0 1.0 -7.04 6.26 0.8 -1.0 2000052018 LONGWANG
15.0 1.0 -6.64 6.7 0.8 -1.0 2000052100 LONGWANG
16.0 1.0 -6.04 6.94 0.8 -1.0 2000052106 LONGWANG
17.0 1.0 -5.28 7.16 0.8 -1.0 2000052112 LONGWANG
18.0 1.0 -4.76 7.42 0.8 -1.0 2000052118 LONGWANG
19.0 1.0 -3.94 7.76 0.8 -1.0 2000052200 LONGWANG
20.0 1.0 -3.32 7.96 0.72 -1.12 2000052206 LONGWANG
21.0 1.0 -2.6 8.12 0.68 null 2000052212 LONGWANG
22.0 1.0 -1.88 8.2 0.64 null 2000052218 LONGWANG
23.0 1.0 -1.58 8.38 0.64 null 2000052300 LONGWANG
24.0 1.0 -1.18 8.42 0.64 null 2000052306 LONGWANG
25.0 1.0 -0.66 8.44 0.64 null 2000052312 LONGWANG
26.0 1.0 -0.32 8.46 0.6 null 2000052318 LONGWANG
27.0 1.0 -0.02 8.46 0.64 null 2000052400 LONGWANG
28.0 1.0 0.5 8.6 null null 2000052406 LONGWANG
