0.0 1.0 -12.56 3.06 0.84 -1.12 2000070212 KAI-TAK
1.0 1.0 -12.5 3.14 0.84 -1.12 2000070218 KAI-TAK
2.0 1.0 -12.44 3.18 0.8 -1.12 2000070300 KAI-TAK
3.0 1.0 -12.34 3.18 0.76 -1.0 2000070306 KAI-TAK
4.0 1.0 -12.22 3.2 0.8 -1.0 2000070312 KAI-TAK
5.0 1.0 -12.14 3.24 0.72 -1.0 2000070318 KAI-TAK
6.0 1.0 -12.08 3.32 0.72 -1.0 2000070400 KAI-TAK
7.0 1.0 -11.98 3.48 0.68 -1.0 2000070406 KAI-TAK
8.0 1.0 -11.9 3.66 0.72 -1.0 2000070412 KAI-TAK
9.0 1.0 -11.88 3.74 0.68 -1.0 2000070418 KAI-TAK
10.0 1.0 -11.86 3.76 0.68 -1.0 2000070500 KAI-TAK
11.0 1.0 -11.88 3.78 0.68 -1.0 2000070506 KAI-TAK
12.0 1.0 -11.94 3.82 0.68 -1.0 2000070512 KAI-TAK
13.0 1.0 -11.98 3.86 0.64 0.0 2000070518 KAI-TAK
14.0 1.0 -12.02 3.9 0.5 0.4 2000070600 KAI-TAK
15.0 1.0 -12.1 3.94 0.3 0.8 2000070606 KAI-TAK
16.0 1.0 -12.18 3.98 0.2 1.0 2000070612 KAI-TAK
17.0 1.0 -12.26 3.98 0.1 1.2 2000070618 KAI-TAK
18.0 1.0 -12.3 3.94 0.0 1.4 2000070700 KAI-TAK
19.0 1.0 -12.26 3.94 0.0 1.4 2000070706 KAI-TAK
20.0 1.0 -12.22 3.94 0.0 1.4 2000070712 KAI-TAK
21.0 1.0 -12.18 3.96 0.0 1.4 2000070718 KAI-TAK
22.0 1.0 -12.12 4.0 0.1 1.2 2000070800 KAI-TAK
23.0 1.0 -12.06 4.04 0.2 1.0 2000070806 KAI-TAK
24.0 1.0 -11.96 4.12 0.4 0.6 2000070812 KAI-TAK
25.0 1.0 -11.84 4.26 0.4 0.6 2000070818 KAI-TAK
26.0 1.0 -11.72 4.54 0.5 0.4 2000070900 KAI-TAK
27.0 1.0 -11.68 4.9 0.5 0.4 2000070906 KAI-TAK
28.0 1.0 -11.74 5.26 0.6 0.2 2000070912 KAI-TAK
29.0 1.0 -11.72 5.6 0.6 0.0 2000070918 KAI-TAK
30.0 1.0 -11.7 6.04 0.64 0.0 2000071000 KAI-TAK
31.0 1.0 -11.6 6.46 0.68 -0.2 2000071006 KAI-TAK
32.0 1.0 -11.46 6.86 0.68 -0.2 2000071012 KAI-TAK
33.0 1.0 -11.38 7.3 0.68 -0.88 2000071018 KAI-TAK
34.0 1.0 -11.3 7.66 0.68 -0.88 2000071100 KAI-TAK
35.0 1.0 -11.22 7.98 0.72 -1.0 2000071106 KAI-TAK
36.0 1.0 -10.92 8.24 0.72 -1.0 2000071112 KAI-TAK
37.0 1.0 -10.42 8.4 0.72 -1.0 2000071118 KAI-TAK
38.0 1.0 -9.82 8.56 0.72 -1.0 2000071200 KAI-TAK
