0.0 1.0 -12.8 2.42 0.88 -1.0 2000081812 KAEMI
1.0 1.0 -12.84 2.44 0.84 -1.0 2000081818 KAEMI
2.0 1.0 -12.94 2.46 0.84 -1.0 2000081900 KAEMI
3.0 1.0 -13.0 2.46 0.7 -0.8 2000081906 KAEMI
4.0 1.0 -13.12 2.52 0.8 -0.6 2000081912 KAEMI
5.0 1.0 -13.14 2.58 0.76 -0.48 2000081918 KAEMI
6.0 1.0 -13.22 2.62 0.72 -0.48 2000082000 KAEMI
7.0 1.0 -13.34 2.62 0.72 -0.28 2000082006 KAEMI
8.0 1.0 -13.4 2.7 0.72 -0.2 2000082012 KAEMI
9.0 1.0 -13.46 2.74 0.72 0.2 2000082018 KAEMI
10.0 1.0 -13.52 2.86 0.68 0.4 2000082100 KAEMI
11.0 1.0 -13.64 2.96 0.64 -1.0 2000082106 KAEMI
12.0 1.0 -13.76 3.02 0.5 0.0 2000082112 KAEMI
13.0 1.0 -13.98 3.04 0.5 0.0 2000082118 KAEMI
14.0 1.0 -14.14 3.1 0.5 0.0 2000082200 KAEMI
15.0 1.0 -14.32 3.22 0.5 -0.2 2000082206 KAEMI
16.0 1.0 -14.56 3.18 0.64 -0.8 2000082212 KAEMI
17.0 1.0 -14.7 3.24 0.68 -0.88 2000082218 KAEMI
18.0 1.0 -14.82 3.26 0.72 0.0 2000082300 KAEMI
19.0 1.0 -14.92 3.3 0.76 -0.28 2000082306 KAEMI
20.0 1.0 -15.02 3.26 0.76 -0.6 2000082312 KAEMI
21.0 1.0 -15.18 3.28 0.8 -0.88 2000082318 KAEMI
