0.0 1.0 -12.8 3.6 0.84 -1.0 2000052000 UNNAMED_N18116
1.0 1.0 -12.7 3.58 0.84 -1.0 2000052006 UNNAMED_N18116
2.0 1.0 -12.56 3.56 0.84 -1.0 2000052012 UNNAMED_N18116
3.0 1.0 -12.4 3.56 0.84 -1.0 2000052018 UNNAMED_N18116
4.0 1.0 -12.24 3.64 0.84 -1.0 2000052100 UNNAMED_N18116
5.0 1.0 -12.06 3.84 0.84 -1.0 2000052106 UNNAMED_N18116
6.0 1.0 -11.78 4.02 0.88 -1.0 2000052112 UNNAMED_N18116
7.0 1.0 -11.42 4.18 0.88 -1.0 2000052118 UNNAMED_N18116
8.0 1.0 -11.02 4.28 0.88 -1.0 2000052200 UNNAMED_N18116
9.0 1.0 -10.64 4.44 0.9 -1.12 2000052206 UNNAMED_N18116
