0.0 1.0 -7.88 1.66 0.8 -1.0 2001063000 UTOR
1.0 1.0 -8.02 1.62 0.76 -0.88 2001063006 UTOR
2.0 1.0 -8.12 1.56 0.6 -0.68 2001063012 UTOR
3.0 1.0 -8.24 1.52 0.6 -0.68 2001063018 UTOR
4.0 1.0 -8.38 1.46 0.5 -0.6 2001070100 UTOR
5.0 1.0 -8.44 1.46 0.76 -1.0 2001070106 UTOR
6.0 1.0 -8.44 1.58 0.72 -1.0 2001070112 UTOR
7.0 1.0 -8.46 1.76 0.64 -1.0 2001070118 UTOR
8.0 1.0 -8.58 2.08 0.6 -0.2 2001070200 UTOR
9.0 1.0 -8.78 2.3 0.6 -0.2 2001070206 UTOR
10.0 1.0 -9.02 2.5 0.6 0.0 2001070212 UTOR
11.0 1.0 -9.34 2.68 0.5 0.2 2001070218 UTOR
12.0 1.0 -9.7 2.84 0.4 0.2 2001070300 UTOR
13.0 1.0 -10.06 3.08 0.2 0.6 2001070306 UTOR
14.0 1.0 -10.42 3.28 0.2 0.6 2001070312 UTOR
15.0 1.0 -10.78 3.48 0.1 0.8 2001070318 UTOR
16.0 1.0 -11.16 3.66 0.1 0.8 2001070400 UTOR
17.0 1.0 -11.56 3.76 0.0 0.8 2001070406 UTOR
18.0 1.0 -11.9 3.86 0.1 0.8 2001070412 UTOR
19.0 1.0 -12.04 3.94 0.1 0.8 2001070418 UTOR
20.0 1.0 -12.28 4.08 0.1 0.8 2001070500 UTOR
21.0 1.0 -12.48 4.16 0.1 0.8 2001070506 UTOR
22.0 1.0 -12.68 4.24 0.1 0.6 2001070512 UTOR
23.0 1.0 -12.82 4.36 0.2 0.4 2001070518 UTOR
24.0 1.0 -13.04 4.56 0.3 0.2 2001070600 UTOR
25.0 1.0 -13.3 4.62 0.46 -0.2 2001070606 UTOR
26.0 1.0 -13.54 4.66 0.52 -0.8 2001070612 UTOR
27.0 1.0 -13.74 4.7 0.6 -0.88 2001070618 UTOR
28.0 1.0 -14.0 4.74 0.64 -1.0 2001070700 UTOR
29.0 1.0 -14.26 4.74 0.64 -1.0 2001070706 UTOR
30.0 1.0 -14.46 4.76 0.7 -1.12 2001070712 UTOR
31.0 1.0 -14.66 4.78 0.74 -1.2 2001070718 UTOR
