0.0 1.0 -9.92 1.96 null null 2001110506 LINGLING
1.0 1.0 -10.06 1.98 null null 2001110512 LINGLING
2.0 1.0 -10.26 1.98 null null 2001110518 LINGLING
3.0 1.0 -10.44 2.02 0.88 -1.0 2001110600 LINGLING
4.0 1.0 -10.62 2.08 0.84 -1.0 2001110606 LINGLING
5.0 1.0 -10.8 2.1 0.84 -1.0 2001110612 LINGLING
6.0 1.0 -10.98 2.1 0.72 -0.2 2001110618 LINGLING
7.0 1.0 -11.16 2.14 0.72 -0.2 2001110700 LINGLING
8.0 1.0 -11.26 2.16 0.68 -0.2 2001110706 LINGLING
9.0 1.0 -11.34 2.2 0.72 -0.2 2001110712 LINGLING
10.0 1.0 -11.44 2.24 0.68 -0.2 2001110718 LINGLING
11.0 1.0 -11.54 2.3 0.64 0.0 2001110800 LINGLING
12.0 1.0 -11.68 2.36 0.6 0.2 2001110806 LINGLING
13.0 1.0 -11.84 2.44 0.6 0.2 2001110812 LINGLING
14.0 1.0 -12.04 2.5 0.4 0.6 2001110818 LINGLING
15.0 1.0 -12.24 2.54 0.4 0.6 2001110900 LINGLING
16.0 1.0 -12.44 2.6 0.3 0.8 2001110906 LINGLING
17.0 1.0 -12.62 2.64 0.2 1.0 2001110912 LINGLING
18.0 1.0 -12.8 2.68 0.1 1.2 2001110918 LINGLING
19.0 1.0 -12.94 2.68 -0.1 1.4 2001111000 LINGLING
20.0 1.0 -13.04 2.7 -0.2 1.6 2001111006 LINGLING
21.0 1.0 -13.18 2.72 -0.3 1.8 2001111012 LINGLING
22.0 1.0 -13.34 2.72 -0.3 1.8 2001111018 LINGLING
23.0 1.0 -13.5 2.72 -0.4 1.8 2001111100 LINGLING
24.0 1.0 -13.66 2.72 -0.4 1.8 2001111106 LINGLING
25.0 1.0 -13.88 2.72 -0.1 1.2 2001111112 LINGLING
26.0 1.0 -14.12 2.72 0.5 0.4 2001111118 LINGLING
27.0 1.0 -14.36 2.72 0.76 -0.6 2001111200 LINGLING
28.0 1.0 -14.54 2.7 0.8 -0.8 2001111206 LINGLING
29.0 1.0 -14.74 2.68 0.88 -0.88 2001111212 LINGLING
