0.0 1.0 -9.94 2.56 0.74 -1.2 2001070718 TRAMI
1.0 1.0 -10.14 2.64 0.88 -1.12 2001070800 TRAMI
2.0 1.0 -10.34 2.88 0.88 -1.12 2001070806 TRAMI
3.0 1.0 -10.48 3.12 0.88 -1.12 2001070812 TRAMI
4.0 1.0 -10.66 3.34 0.88 -1.0 2001070818 TRAMI
5.0 1.0 -10.78 3.52 0.88 -1.0 2001070900 TRAMI
6.0 1.0 -10.94 3.68 0.84 -1.0 2001070906 TRAMI
7.0 1.0 -11.02 3.78 0.84 -1.0 2001070912 TRAMI
8.0 1.0 -11.12 3.9 0.8 -1.0 2001070918 TRAMI
9.0 1.0 -11.2 4.0 0.76 -0.2 2001071000 TRAMI
10.0 1.0 -11.3 4.08 0.72 -0.2 2001071006 TRAMI
11.0 1.0 -11.42 4.16 0.68 0.0 2001071012 TRAMI
12.0 1.0 -11.52 4.26 0.72 -0.2 2001071018 TRAMI
13.0 1.0 -11.6 4.36 0.76 -0.2 2001071100 TRAMI
14.0 1.0 -11.72 4.46 0.76 -0.2 2001071106 TRAMI
15.0 1.0 -11.82 4.56 0.8 -0.88 2001071112 TRAMI
16.0 1.0 -11.96 4.64 0.72 -0.88 2001071118 TRAMI
17.0 1.0 -12.06 4.76 0.76 -1.0 2001071200 TRAMI
18.0 1.0 -12.1 4.9 0.8 -1.12 2001071206 TRAMI
