0.0 1.0 -10.66 3.74 0.72 -0.8 2001072212 YUTU
1.0 1.0 -10.9 3.82 0.88 -1.0 2001072218 YUTU
2.0 1.0 -11.2 3.88 0.84 -1.0 2001072300 YUTU
3.0 1.0 -11.46 3.96 0.84 -1.0 2001072306 YUTU
4.0 1.0 -11.76 4.0 0.8 -0.88 2001072312 YUTU
5.0 1.0 -12.04 4.04 0.68 -0.2 2001072318 YUTU
6.0 1.0 -12.32 4.08 0.5 0.2 2001072400 YUTU
7.0 1.0 -12.6 4.12 0.4 0.4 2001072406 YUTU
8.0 1.0 -12.84 4.12 0.4 0.4 2001072412 YUTU
9.0 1.0 -13.06 4.14 0.4 0.4 2001072418 YUTU
10.0 1.0 -13.22 4.12 0.3 0.6 2001072500 YUTU
11.0 1.0 -13.36 4.16 0.3 0.6 2001072506 YUTU
12.0 1.0 -13.5 4.24 0.4 0.4 2001072512 YUTU
13.0 1.0 -13.76 4.28 0.5 0.2 2001072518 YUTU
14.0 1.0 -13.96 4.32 0.72 -1.0 2001072600 YUTU
15.0 1.0 -14.12 4.38 0.76 -1.0 2001072606 YUTU
16.0 1.0 -14.26 4.44 0.84 -1.0 2001072612 YUTU
17.0 1.0 -14.38 4.48 0.8 -1.0 2001072618 YUTU
