0.0 1.0 -9.96 1.94 0.88 -1.0 2001120400 KAJIKI
1.0 1.0 -10.16 2.02 0.84 -1.0 2001120406 KAJIKI
2.0 1.0 -10.42 2.04 0.88 -1.0 2001120412 KAJIKI
3.0 1.0 -10.62 2.04 0.84 -1.0 2001120418 KAJIKI
4.0 1.0 -10.78 2.08 0.8 -0.2 2001120500 KAJIKI
5.0 1.0 -11.0 2.14 0.76 -0.2 2001120506 KAJIKI
6.0 1.0 -11.22 2.16 0.8 -0.2 2001120512 KAJIKI
7.0 1.0 -11.42 2.22 0.76 -0.2 2001120518 KAJIKI
8.0 1.0 -11.58 2.24 0.76 -0.2 2001120600 KAJIKI
9.0 1.0 -11.74 2.28 0.8 -0.88 2001120606 KAJIKI
10.0 1.0 -11.9 2.34 0.8 -0.88 2001120612 KAJIKI
11.0 1.0 -12.12 2.38 0.76 -0.2 2001120618 KAJIKI
12.0 1.0 -12.4 2.44 0.76 -0.2 2001120700 KAJIKI
13.0 1.0 -12.68 2.48 0.72 -0.2 2001120706 KAJIKI
14.0 1.0 -12.88 2.56 0.72 -0.2 2001120712 KAJIKI
15.0 1.0 -13.06 2.6 0.72 -0.2 2001120718 KAJIKI
16.0 1.0 -13.22 2.6 0.72 -0.2 2001120800 KAJIKI
17.0 1.0 -13.4 2.62 0.8 -0.88 2001120806 KAJIKI
18.0 1.0 -13.52 2.6 0.84 -0.88 2001120812 KAJIKI
19.0 1.0 -13.6 2.6 0.84 -0.88 2001120818 KAJIKI
20.0 1.0 -13.68 2.54 0.88 -1.0 2001120900 KAJIKI
21.0 1.0 -13.74 2.56 0.88 null 2001120906 KAJIKI
22.0 1.0 -13.8 2.58 0.92 null 2001120912 KAJIKI
