0.0 1.0 -11.08 4.68 0.88 -0.2 2001090500 NARI
1.0 1.0 -10.98 4.7 0.84 -0.2 2001090506 NARI
2.0 1.0 -11.24 4.84 0.84 -1.12 2001090512 NARI
3.0 1.0 -11.24 4.94 0.8 -1.0 2001090518 NARI
4.0 1.0 -11.12 5.02 0.76 -0.2 2001090600 NARI
5.0 1.0 -10.96 5.12 0.68 -0.2 2001090606 NARI
6.0 1.0 -10.78 5.18 0.68 -0.2 2001090612 NARI
7.0 1.0 -10.58 5.22 0.64 0.0 2001090618 NARI
8.0 1.0 -10.42 5.24 0.5 0.4 2001090700 NARI
9.0 1.0 -10.36 5.28 0.5 0.4 2001090706 NARI
10.0 1.0 -10.36 5.28 0.4 0.6 2001090712 NARI
11.0 1.0 -10.44 5.28 0.3 0.8 2001090718 NARI
12.0 1.0 -10.54 5.36 0.3 0.8 2001090800 NARI
13.0 1.0 -10.66 5.42 0.3 0.8 2001090806 NARI
14.0 1.0 -10.78 5.44 0.3 0.8 2001090812 NARI
15.0 1.0 -10.9 5.46 0.3 0.8 2001090818 NARI
16.0 1.0 -10.96 5.46 0.4 0.6 2001090900 NARI
17.0 1.0 -11.0 5.46 0.4 0.6 2001090906 NARI
18.0 1.0 -11.0 5.44 0.2 0.8 2001090912 NARI
19.0 1.0 -11.0 5.42 0.2 0.8 2001090918 NARI
20.0 1.0 -10.98 5.36 0.2 0.8 2001091000 NARI
21.0 1.0 -10.92 5.28 0.2 0.8 2001091006 NARI
22.0 1.0 -10.8 5.22 0.2 0.8 2001091012 NARI
23.0 1.0 -10.72 5.22 0.2 0.8 2001091018 NARI
24.0 1.0 -10.66 5.22 0.2 1.0 2001091100 NARI
25.0 1.0 -10.6 5.26 0.0 1.4 2001091106 NARI
26.0 1.0 -10.58 5.28 0.0 1.4 2001091112 NARI
27.0 1.0 -10.6 5.28 0.1 1.2 2001091118 NARI
28.0 1.0 -10.6 5.28 0.2 1.0 2001091200 NARI
29.0 1.0 -10.6 5.26 0.3 0.8 2001091206 NARI
30.0 1.0 -10.58 5.24 0.3 0.8 2001091212 NARI
31.0 1.0 -10.62 5.28 0.3 0.8 2001091218 NARI
32.0 1.0 -10.7 5.32 0.3 0.8 2001091300 NARI
33.0 1.0 -10.76 5.38 0.3 0.8 2001091306 NARI
34.0 1.0 -10.84 5.44 0.3 0.8 2001091312 NARI
35.0 1.0 -10.88 5.48 0.3 0.8 2001091318 NARI
36.0 1.0 -10.94 5.52 0.3 0.8 2001091400 NARI
37.0 1.0 -11.0 5.5 0.3 0.8 2001091406 NARI
38.0 1.0 -11.04 5.44 0.3 0.8 2001091412 NARI
39.0 1.0 -11.08 5.36 0.4 0.6 2001091418 NARI
40.0 1.0 -11.14 5.28 0.3 0.8 2001091500 NARI
41.0 1.0 -11.2 5.2 0.2 1.0 2001091506 NARI
42.0 1.0 -11.24 5.16 0.2 1.0 2001091512 NARI
43.0 1.0 -11.3 5.12 0.1 1.2 2001091518 NARI
44.0 1.0 -11.38 5.1 0.0 1.4 2001091600 NARI
45.0 1.0 -11.48 5.08 0.0 1.4 2001091606 NARI
46.0 1.0 -11.56 5.02 0.2 1.0 2001091612 NARI
47.0 1.0 -11.68 4.92 0.6 0.0 2001091618 NARI
48.0 1.0 -11.74 4.84 0.68 -0.2 2001091700 NARI
49.0 1.0 -11.74 4.76 0.76 -1.12 2001091706 NARI
50.0 1.0 -11.72 4.74 0.8 -1.0 2001091712 NARI
51.0 1.0 -11.74 4.72 0.76 -1.0 2001091718 NARI
52.0 1.0 -11.76 4.7 0.8 -1.12 2001091800 NARI
53.0 1.0 -11.82 4.66 0.76 -1.12 2001091806 NARI
54.0 1.0 -11.86 4.64 0.76 -1.12 2001091812 NARI
55.0 1.0 -12.04 4.54 0.76 -1.12 2001091818 NARI
56.0 1.0 -12.12 4.52 0.76 -1.0 2001091900 NARI
57.0 1.0 -12.24 4.5 0.72 -1.0 2001091906 NARI
58.0 1.0 -12.3 4.52 0.76 -1.0 2001091912 NARI
59.0 1.0 -12.42 4.54 0.64 0.0 2001091918 NARI
60.0 1.0 -12.62 4.56 0.68 -0.2 2001092000 NARI
61.0 1.0 -12.92 4.58 0.84 -0.88 2001092006 NARI
62.0 1.0 -13.16 4.58 0.92 -0.8 2001092012 NARI
63.0 1.0 -13.38 4.56 0.92 -0.68 2001092018 NARI
64.0 1.0 -13.64 4.6 0.96 -1.12 2001092100 NARI
