0.0 1.0 -12.4 3.1 0.8 -1.12 2001081600 UNNAMED_N15118
1.0 1.0 -12.2 3.2 0.76 -1.0 2001081606 UNNAMED_N15118
2.0 1.0 -12.26 3.28 0.76 -1.0 2001081612 UNNAMED_N15118
3.0 1.0 -12.36 3.36 0.76 -1.0 2001081618 UNNAMED_N15118
4.0 1.0 -12.5 3.4 0.76 -1.0 2001081700 UNNAMED_N15118
5.0 1.0 -12.56 3.34 0.76 -1.0 2001081706 UNNAMED_N15118
6.0 1.0 -12.58 3.26 0.76 -1.0 2001081712 UNNAMED_N15118
7.0 1.0 -12.58 3.26 0.76 -1.0 2001081718 UNNAMED_N15118
8.0 1.0 -12.6 3.2 0.76 -1.0 2001081800 UNNAMED_N15118
9.0 1.0 -12.62 3.14 0.76 -1.0 2001081806 UNNAMED_N15118
10.0 1.0 -12.62 3.06 0.76 -1.0 2001081812 UNNAMED_N15118
11.0 1.0 -12.62 3.06 0.76 -1.0 2001081818 UNNAMED_N15118
12.0 1.0 -12.6 3.0 0.76 -1.0 2001081900 UNNAMED_N15118
13.0 1.0 -12.66 2.94 0.76 -1.0 2001081906 UNNAMED_N15118
14.0 1.0 -12.7 2.88 0.76 -1.0 2001081912 UNNAMED_N15118
15.0 1.0 -12.76 2.84 0.8 -1.12 2001081918 UNNAMED_N15118
16.0 1.0 -12.8 2.8 0.84 -1.12 2001082000 UNNAMED_N15118
