0.0 1.0 -14.56 1.08 0.88 -1.12 2001111818 UNNAMED_N05107
1.0 1.0 -14.66 0.92 0.84 -1.12 2001111900 UNNAMED_N05107
2.0 1.0 -14.38 0.92 0.84 -1.12 2001111906 UNNAMED_N05107
3.0 1.0 -14.18 0.92 0.84 -1.12 2001111912 UNNAMED_N05107
4.0 1.0 -13.98 0.98 0.84 -1.12 2001111918 UNNAMED_N05107
5.0 1.0 -13.92 1.08 0.88 -1.12 2001112000 UNNAMED_N05107
6.0 1.0 -13.82 1.16 0.88 -1.12 2001112006 UNNAMED_N05107
7.0 1.0 -13.68 1.22 0.88 -1.0 2001112012 UNNAMED_N05107
8.0 1.0 -13.56 1.24 0.88 -1.0 2001112018 UNNAMED_N05107
9.0 1.0 -13.44 1.34 0.88 -1.0 2001112100 UNNAMED_N05107
10.0 1.0 -13.34 1.52 0.88 -1.0 2001112106 UNNAMED_N05107
11.0 1.0 -13.24 1.62 0.88 -1.0 2001112112 UNNAMED_N05107
12.0 1.0 -13.2 1.64 0.88 -1.0 2001112118 UNNAMED_N05107
13.0 1.0 -13.1 1.66 0.88 -1.0 2001112200 UNNAMED_N05107
14.0 1.0 -12.98 1.68 0.88 -1.0 2001112206 UNNAMED_N05107
15.0 1.0 -12.86 1.66 0.88 -1.0 2001112212 UNNAMED_N05107
16.0 1.0 -12.78 1.66 0.88 -1.0 2001112218 UNNAMED_N05107
17.0 1.0 -12.66 1.64 0.92 -1.12 2001112300 UNNAMED_N05107
18.0 1.0 -12.48 1.54 0.92 -1.12 2001112306 UNNAMED_N05107
19.0 1.0 -12.28 1.42 0.76 -1.0 2001112312 UNNAMED_N05107
