0.0 1.0 -12.82 3.86 0.84 -1.2 2001082706 FITOW
1.0 1.0 -13.0 3.86 0.84 -1.2 2001082712 FITOW
2.0 1.0 -13.16 3.88 0.84 -1.2 2001082718 FITOW
3.0 1.0 -13.26 3.86 0.72 -1.12 2001082800 FITOW
4.0 1.0 -13.3 3.84 0.72 -1.0 2001082806 FITOW
5.0 1.0 -13.38 3.86 0.72 -1.0 2001082812 FITOW
6.0 1.0 -13.46 3.88 0.72 -1.0 2001082818 FITOW
7.0 1.0 -13.56 3.9 0.68 -1.0 2001082900 FITOW
8.0 1.0 -13.68 3.92 0.68 -1.0 2001082906 FITOW
9.0 1.0 -13.8 3.96 0.64 -1.0 2001082912 FITOW
10.0 1.0 -13.92 3.98 0.64 -1.0 2001082918 FITOW
11.0 1.0 -14.04 3.96 0.6 -1.0 2001083000 FITOW
12.0 1.0 -14.14 4.0 0.64 -0.88 2001083006 FITOW
13.0 1.0 -14.18 4.06 0.64 -0.88 2001083012 FITOW
14.0 1.0 -14.18 4.14 0.6 -0.2 2001083018 FITOW
15.0 1.0 -14.18 4.22 0.6 -0.2 2001083100 FITOW
16.0 1.0 -14.28 4.32 0.64 -0.88 2001083106 FITOW
17.0 1.0 -14.26 4.34 0.72 -1.0 2001083112 FITOW
18.0 1.0 -14.22 4.36 0.76 -1.0 2001083118 FITOW
19.0 1.0 -14.12 4.38 0.8 -1.12 2001090100 FITOW
20.0 1.0 -14.1 4.34 0.84 -1.2 2001090106 FITOW
21.0 1.0 -14.1 4.32 0.82 -1.2 2001090112 FITOW
22.0 1.0 -14.1 4.3 0.82 -1.2 2001090118 FITOW
23.0 1.0 -14.08 4.3 0.84 -1.2 2001090200 FITOW
24.0 1.0 -14.1 4.22 0.8 -1.12 2001090206 FITOW
25.0 1.0 -14.1 4.16 0.82 -1.2 2001090212 FITOW
26.0 1.0 -14.06 4.06 0.84 -1.2 2001090218 FITOW
27.0 1.0 -14.02 4.02 0.88 -1.12 2001090300 FITOW
28.0 1.0 -14.0 3.98 0.84 -1.12 2001090306 FITOW
29.0 1.0 -14.04 3.98 0.8 -1.0 2001090312 FITOW
30.0 1.0 -14.1 3.98 0.8 -1.0 2001090318 FITOW
31.0 1.0 -14.12 4.08 0.76 -1.0 2001090400 FITOW
32.0 1.0 -14.14 4.12 0.7 -0.8 2001090406 FITOW
33.0 1.0 -14.24 4.16 0.5 -0.6 2001090412 FITOW
34.0 1.0 -14.26 4.16 0.4 -0.4 2001090418 FITOW
35.0 1.0 -14.3 4.16 0.3 -0.2 2001090500 FITOW
36.0 1.0 -14.28 4.14 0.2 -0.2 2001090506 FITOW
37.0 1.0 -14.26 4.16 0.84 -1.12 2001090512 FITOW
38.0 1.0 -14.28 4.18 0.8 -1.0 2001090518 FITOW
39.0 1.0 -14.24 4.22 0.8 -1.0 2001090600 FITOW
40.0 1.0 -14.22 4.3 0.76 -0.88 2001090606 FITOW
41.0 1.0 -14.2 4.3 0.76 -0.88 2001090612 FITOW
42.0 1.0 -14.2 4.26 0.76 -0.88 2001090618 FITOW
43.0 1.0 -14.14 4.26 0.6 -0.8 2001090700 FITOW
44.0 1.0 -14.06 4.26 0.5 -0.6 2001090706 FITOW
45.0 1.0 -13.86 4.2 0.5 -0.6 2001090712 FITOW
46.0 1.0 -13.64 4.16 0.5 -0.48 2001090718 FITOW
47.0 1.0 -13.5 4.1 0.4 -0.48 2001090800 FITOW
48.0 1.0 -13.6 4.04 0.4 -0.48 2001090806 FITOW
49.0 1.0 -13.6 3.9 0.4 -0.48 2001090812 FITOW
50.0 1.0 -13.64 3.84 0.4 -0.4 2001090818 FITOW
51.0 1.0 -13.76 3.76 0.4 -0.4 2001090900 FITOW
52.0 1.0 -13.84 3.74 0.4 -0.4 2001090906 FITOW
53.0 1.0 -13.9 3.7 0.3 -0.4 2001090912 FITOW
54.0 1.0 -13.96 3.68 0.3 -0.4 2001090918 FITOW
55.0 1.0 -14.12 3.64 0.3 -0.4 2001091000 FITOW
56.0 1.0 -14.16 3.66 0.3 -0.4 2001091006 FITOW
57.0 1.0 -14.16 3.66 0.3 -0.28 2001091012 FITOW
58.0 1.0 -14.2 3.7 0.3 -0.28 2001091018 FITOW
59.0 1.0 -14.22 3.76 0.2 -0.2 2001091100 FITOW
60.0 1.0 -14.34 3.76 0.2 -0.2 2001091106 FITOW
61.0 1.0 -14.56 3.76 0.0 0.0 2001091112 FITOW
62.0 1.0 -14.82 3.76 0.0 0.0 2001091118 FITOW
63.0 1.0 -15.04 3.68 0.0 0.0 2001091200 FITOW
