0.0 1.0 -12.5 3.36 0.4 -0.4 2001080806 USAGI
1.0 1.0 -12.76 3.36 0.88 -0.48 2001080812 USAGI
2.0 1.0 -13.0 3.34 0.88 -0.6 2001080818 USAGI
3.0 1.0 -13.22 3.32 0.84 -1.12 2001080900 USAGI
4.0 1.0 -13.38 3.34 0.8 -1.12 2001080906 USAGI
5.0 1.0 -13.48 3.36 0.76 -1.0 2001080912 USAGI
6.0 1.0 -13.68 3.46 0.76 -1.0 2001080918 USAGI
7.0 1.0 -13.94 3.54 0.72 -1.0 2001081000 USAGI
8.0 1.0 -14.24 3.58 0.64 -0.2 2001081006 USAGI
9.0 1.0 -14.5 3.62 0.64 -0.2 2001081012 USAGI
10.0 1.0 -14.82 3.68 0.68 -0.2 2001081018 USAGI
11.0 1.0 -15.18 3.64 0.76 -1.0 2001081100 USAGI
12.0 1.0 -15.52 3.64 null null 2001081106 USAGI
