0.0 1.0 -13.44 3.36 null null 2002052606 UNNAMED_N17113
1.0 1.0 -13.4 3.42 null null 2002052612 UNNAMED_N17113
2.0 1.0 -13.34 3.5 null null 2002052618 UNNAMED_N17113
3.0 1.0 -13.3 3.58 null null 2002052700 UNNAMED_N17113
4.0 1.0 -13.24 3.66 null null 2002052706 UNNAMED_N17113
5.0 1.0 -13.16 3.74 null null 2002052712 UNNAMED_N17113
6.0 1.0 -13.0 3.84 null null 2002052718 UNNAMED_N17113
7.0 1.0 -12.84 3.88 0.88 -1.12 2002052800 UNNAMED_N17113
8.0 1.0 -12.7 3.9 0.88 -1.12 2002052806 UNNAMED_N17113
9.0 1.0 -12.6 3.96 0.88 -1.12 2002052812 UNNAMED_N17113
10.0 1.0 -12.52 4.04 0.88 -1.12 2002052818 UNNAMED_N17113
11.0 1.0 -12.42 4.18 0.84 -1.0 2002052900 UNNAMED_N17113
12.0 1.0 -12.3 4.28 0.84 -1.0 2002052906 UNNAMED_N17113
13.0 1.0 -12.18 4.36 0.88 -1.12 2002052912 UNNAMED_N17113
14.0 1.0 -12.1 4.46 0.88 -1.12 2002052918 UNNAMED_N17113
15.0 1.0 -11.98 4.64 null null 2002053000 UNNAMED_N17113
