0.0 1.0 -8.36 0.8 null null 2002031818 UNNAMED_N04138
1.0 1.0 -8.74 0.94 null null 2002031900 UNNAMED_N04138
2.0 1.0 -9.1 1.12 null null 2002031906 UNNAMED_N04138
3.0 1.0 -9.36 1.24 null null 2002031912 UNNAMED_N04138
4.0 1.0 -9.54 1.3 0.9 -1.2 2002031918 UNNAMED_N04138
5.0 1.0 -9.76 1.32 0.88 -1.12 2002032000 UNNAMED_N04138
6.0 1.0 -9.96 1.38 0.88 -1.0 2002032006 UNNAMED_N04138
7.0 1.0 -10.12 1.44 0.88 -1.0 2002032012 UNNAMED_N04138
8.0 1.0 -10.28 1.46 0.88 -1.0 2002032018 UNNAMED_N04138
9.0 1.0 -10.48 1.52 0.88 -1.0 2002032100 UNNAMED_N04138
10.0 1.0 -10.68 1.56 0.88 -1.0 2002032106 UNNAMED_N04138
11.0 1.0 -10.86 1.7 0.88 -1.0 2002032112 UNNAMED_N04138
12.0 1.0 -11.0 1.84 0.88 -1.0 2002032118 UNNAMED_N04138
13.0 1.0 -11.2 1.98 0.88 -1.0 2002032200 UNNAMED_N04138
14.0 1.0 -11.4 2.06 0.88 -1.0 2002032206 UNNAMED_N04138
15.0 1.0 -11.6 2.16 0.88 -1.0 2002032212 UNNAMED_N04138
16.0 1.0 -11.88 2.2 0.88 -1.0 2002032218 UNNAMED_N04138
17.0 1.0 -12.14 2.24 0.88 -1.12 2002032300 UNNAMED_N04138
18.0 1.0 -12.38 2.24 0.88 -1.12 2002032306 UNNAMED_N04138
19.0 1.0 -12.62 2.24 0.88 -1.12 2002032312 UNNAMED_N04138
20.0 1.0 -12.84 2.24 null null 2002032318 UNNAMED_N04138
21.0 1.0 -13.06 2.28 null null 2002032400 UNNAMED_N04138
22.0 1.0 -13.18 2.4 null null 2002032406 UNNAMED_N04138
23.0 1.0 -13.24 2.56 null null 2002032412 UNNAMED_N04138
24.0 1.0 -13.28 2.66 null null 2002032418 UNNAMED_N04138
25.0 1.0 -13.3 2.76 null null 2002032500 UNNAMED_N04138
26.0 1.0 -13.34 2.84 null null 2002032506 UNNAMED_N04138
