0.0 1.0 -9.94 1.68 -0.6 0.2 2002071712 UNNAMED_N08130
1.0 1.0 -10.1 1.7 -0.6 0.4 2002071718 UNNAMED_N08130
2.0 1.0 -10.28 1.76 -0.6 0.4 2002071800 UNNAMED_N08130
3.0 1.0 -10.42 1.82 -0.6 0.4 2002071806 UNNAMED_N08130
4.0 1.0 -10.58 1.92 -0.6 0.4 2002071812 UNNAMED_N08130
5.0 1.0 -10.74 2.06 0.92 -1.12 2002071818 UNNAMED_N08130
6.0 1.0 -10.86 2.28 0.88 -1.0 2002071900 UNNAMED_N08130
7.0 1.0 -11.04 2.4 0.92 -1.0 2002071906 UNNAMED_N08130
8.0 1.0 -11.24 2.48 0.88 -1.0 2002071912 UNNAMED_N08130
9.0 1.0 -11.38 2.58 0.88 -1.0 2002071918 UNNAMED_N08130
10.0 1.0 -11.48 2.62 0.88 -1.0 2002072000 UNNAMED_N08130
11.0 1.0 -11.52 2.68 0.88 -1.0 2002072006 UNNAMED_N08130
12.0 1.0 -11.6 2.74 0.8 -0.88 2002072012 UNNAMED_N08130
13.0 1.0 -11.68 2.84 0.8 -0.88 2002072018 UNNAMED_N08130
14.0 1.0 -11.76 2.96 0.8 -0.88 2002072100 UNNAMED_N08130
15.0 1.0 -11.84 3.1 0.9 -1.0 2002072106 UNNAMED_N08130
16.0 1.0 -11.94 3.2 0.7 -0.88 2002072112 UNNAMED_N08130
17.0 1.0 -12.02 3.28 0.7 -0.88 2002072118 UNNAMED_N08130
18.0 1.0 -12.08 3.28 0.7 -0.8 2002072200 UNNAMED_N08130
19.0 1.0 -12.12 3.32 0.7 -0.8 2002072206 UNNAMED_N08130
