0.0 1.0 -9.76 2.12 null null 2002081006 UNNAMED_N11131
1.0 1.0 -9.8 2.1 null null 2002081012 UNNAMED_N11131
2.0 1.0 -9.86 2.08 null null 2002081018 UNNAMED_N11131
3.0 1.0 -9.96 2.12 0.88 -1.12 2002081100 UNNAMED_N11131
4.0 1.0 -10.04 2.18 0.84 -1.0 2002081106 UNNAMED_N11131
5.0 1.0 -10.14 2.24 0.84 -1.0 2002081112 UNNAMED_N11131
6.0 1.0 -10.26 2.32 0.8 -1.0 2002081118 UNNAMED_N11131
7.0 1.0 -10.38 2.4 0.76 -0.88 2002081200 UNNAMED_N11131
8.0 1.0 -10.48 2.5 0.7 -0.8 2002081206 UNNAMED_N11131
9.0 1.0 -10.64 2.6 0.7 -0.8 2002081212 UNNAMED_N11131
10.0 1.0 -10.84 2.72 0.6 -0.68 2002081218 UNNAMED_N11131
11.0 1.0 -11.16 2.84 0.5 -0.48 2002081300 UNNAMED_N11131
12.0 1.0 -11.5 2.88 0.5 -0.48 2002081306 UNNAMED_N11131
13.0 1.0 -11.82 2.88 0.4 -0.4 2002081312 UNNAMED_N11131
14.0 1.0 -12.1 2.78 0.4 -0.4 2002081318 UNNAMED_N11131
15.0 1.0 -12.3 2.7 0.3 -0.28 2002081400 UNNAMED_N11131
16.0 1.0 -12.44 2.76 0.2 -0.2 2002081406 UNNAMED_N11131
17.0 1.0 -12.56 2.9 0.1 0.0 2002081412 UNNAMED_N11131
18.0 1.0 -12.4 3.0 0.1 0.0 2002081418 UNNAMED_N11131
