0.0 1.0 -13.3 2.68 0.8 -1.0 2002092100 MEKKHALA
1.0 1.0 -13.34 2.7 0.8 -1.0 2002092106 MEKKHALA
2.0 1.0 -13.32 2.72 0.76 -1.0 2002092112 MEKKHALA
3.0 1.0 -13.28 2.72 0.76 -1.0 2002092118 MEKKHALA
4.0 1.0 -13.22 2.7 0.54 -0.8 2002092200 MEKKHALA
5.0 1.0 -13.18 2.74 0.88 -0.8 2002092206 MEKKHALA
6.0 1.0 -13.22 2.76 0.88 -0.8 2002092212 MEKKHALA
7.0 1.0 -13.32 2.82 0.88 -0.8 2002092218 MEKKHALA
8.0 1.0 -13.48 2.86 0.88 -1.12 2002092300 MEKKHALA
9.0 1.0 -13.56 2.92 0.88 -1.12 2002092306 MEKKHALA
10.0 1.0 -13.64 2.98 0.88 -1.12 2002092312 MEKKHALA
11.0 1.0 -13.7 3.08 0.88 -1.12 2002092318 MEKKHALA
12.0 1.0 -13.8 3.14 0.88 -1.12 2002092400 MEKKHALA
13.0 1.0 -13.9 3.24 0.88 -1.12 2002092406 MEKKHALA
14.0 1.0 -13.96 3.32 0.88 -1.0 2002092412 MEKKHALA
15.0 1.0 -14.02 3.42 0.84 -1.0 2002092418 MEKKHALA
16.0 1.0 -14.06 3.52 0.76 -0.2 2002092500 MEKKHALA
17.0 1.0 -14.12 3.6 0.6 0.2 2002092506 MEKKHALA
18.0 1.0 -14.18 3.66 0.6 0.2 2002092512 MEKKHALA
19.0 1.0 -14.22 3.74 0.72 0.0 2002092518 MEKKHALA
20.0 1.0 -14.26 3.84 0.76 0.0 2002092600 MEKKHALA
21.0 1.0 -14.28 3.92 0.76 0.0 2002092606 MEKKHALA
22.0 1.0 -14.32 4.0 0.76 0.0 2002092612 MEKKHALA
23.0 1.0 -14.3 4.12 0.76 -0.2 2002092618 MEKKHALA
24.0 1.0 -14.3 4.22 0.8 -0.2 2002092700 MEKKHALA
25.0 1.0 -14.26 4.28 0.8 -0.2 2002092706 MEKKHALA
26.0 1.0 -14.22 4.26 0.8 -0.2 2002092712 MEKKHALA
27.0 1.0 -14.16 4.28 0.8 -0.2 2002092718 MEKKHALA
28.0 1.0 -14.06 4.26 0.88 -0.4 2002092800 MEKKHALA
29.0 1.0 -14.0 4.28 0.96 -0.4 2002092806 MEKKHALA
