0.0 1.0 -12.72 4.26 0.72 -1.0 2002070718 NAKRI
1.0 1.0 -12.6 4.26 0.68 -1.0 2002070800 NAKRI
2.0 1.0 -12.48 4.3 0.64 -1.0 2002070806 NAKRI
3.0 1.0 -12.34 4.42 0.64 -1.0 2002070812 NAKRI
4.0 1.0 -12.26 4.52 0.56 -0.88 2002070818 NAKRI
5.0 1.0 -12.16 4.64 0.5 0.0 2002070900 NAKRI
6.0 1.0 -12.04 4.78 0.5 0.0 2002070906 NAKRI
7.0 1.0 -11.96 4.86 0.6 0.0 2002070912 NAKRI
8.0 1.0 -11.84 4.9 0.56 0.0 2002070918 NAKRI
9.0 1.0 -11.72 4.98 0.56 0.0 2002071000 NAKRI
10.0 1.0 -11.56 5.0 0.56 0.0 2002071006 NAKRI
11.0 1.0 -11.36 5.06 0.6 0.4 2002071012 NAKRI
12.0 1.0 -11.18 5.06 0.6 0.0 2002071018 NAKRI
13.0 1.0 -11.0 5.02 0.6 0.0 2002071100 NAKRI
14.0 1.0 -10.88 5.06 0.6 -0.2 2002071106 NAKRI
15.0 1.0 -10.76 5.08 0.6 -0.2 2002071112 NAKRI
16.0 1.0 -10.7 5.1 0.6 -0.2 2002071118 NAKRI
17.0 1.0 -10.66 5.14 0.64 -0.2 2002071200 NAKRI
18.0 1.0 -10.64 5.22 0.54 -0.2 2002071206 NAKRI
19.0 1.0 -10.64 5.32 0.6 -0.2 2002071212 NAKRI
20.0 1.0 -10.68 5.56 0.68 -0.8 2002071218 NAKRI
21.0 1.0 -10.7 5.76 0.68 -0.8 2002071300 NAKRI
22.0 1.0 -10.64 6.08 0.68 -0.8 2002071306 NAKRI
23.0 1.0 -10.6 6.38 0.72 -0.88 2002071312 NAKRI
