0.0 1.0 -12.96 2.88 0.1 0.0 2002081412 VONGFONG
1.0 1.0 -13.0 2.88 0.1 0.0 2002081418 VONGFONG
2.0 1.0 -13.02 2.88 0.0 0.0 2002081500 VONGFONG
3.0 1.0 -13.14 2.84 0.68 -1.0 2002081506 VONGFONG
4.0 1.0 -13.2 2.84 0.64 -1.0 2002081512 VONGFONG
5.0 1.0 -13.26 2.9 0.64 -1.0 2002081518 VONGFONG
6.0 1.0 -13.22 2.94 0.64 -1.0 2002081600 VONGFONG
7.0 1.0 -13.16 3.0 0.6 -1.0 2002081606 VONGFONG
8.0 1.0 -13.16 3.02 0.6 -1.0 2002081612 VONGFONG
9.0 1.0 -13.14 3.06 0.6 -1.0 2002081618 VONGFONG
10.0 1.0 -13.12 3.18 0.6 -1.0 2002081700 VONGFONG
11.0 1.0 -13.26 3.24 0.6 -1.0 2002081706 VONGFONG
12.0 1.0 -13.32 3.26 0.6 -1.0 2002081712 VONGFONG
13.0 1.0 -13.38 3.26 0.6 -0.88 2002081718 VONGFONG
14.0 1.0 -13.44 3.28 0.5 -0.2 2002081800 VONGFONG
15.0 1.0 -13.56 3.34 0.5 0.0 2002081806 VONGFONG
16.0 1.0 -13.62 3.42 0.5 0.0 2002081812 VONGFONG
17.0 1.0 -13.64 3.52 0.5 0.0 2002081818 VONGFONG
18.0 1.0 -13.7 3.7 0.5 0.0 2002081900 VONGFONG
19.0 1.0 -13.78 3.98 0.5 0.0 2002081906 VONGFONG
20.0 1.0 -13.88 4.26 0.5 0.0 2002081912 VONGFONG
21.0 1.0 -14.0 4.58 0.64 -0.2 2002081918 VONGFONG
22.0 1.0 -14.38 5.0 0.8 -1.0 2002082000 VONGFONG
