0.0 1.0 -13.52 4.04 null null 2002060312 NOGURI
1.0 1.0 -13.54 3.98 null null 2002060318 NOGURI
2.0 1.0 -13.58 3.96 0.84 null 2002060400 NOGURI
3.0 1.0 -13.58 3.94 0.84 null 2002060406 NOGURI
4.0 1.0 -13.52 3.92 0.84 null 2002060412 NOGURI
5.0 1.0 -13.46 3.9 0.84 null 2002060418 NOGURI
6.0 1.0 -13.42 3.94 0.84 -1.12 2002060500 NOGURI
7.0 1.0 -13.32 4.0 0.84 -1.12 2002060506 NOGURI
8.0 1.0 -13.24 4.0 0.84 -1.12 2002060512 NOGURI
9.0 1.0 -13.1 4.0 0.84 -1.12 2002060518 NOGURI
10.0 1.0 -13.02 3.98 0.8 -1.0 2002060600 NOGURI
11.0 1.0 -12.88 3.98 0.8 -1.0 2002060606 NOGURI
12.0 1.0 -12.7 3.98 0.8 -1.0 2002060612 NOGURI
13.0 1.0 -12.58 4.02 0.8 -1.0 2002060618 NOGURI
14.0 1.0 -12.36 4.04 0.8 -1.0 2002060700 NOGURI
15.0 1.0 -12.2 4.08 0.8 -1.0 2002060706 NOGURI
16.0 1.0 -11.98 4.1 0.8 -1.0 2002060712 NOGURI
17.0 1.0 -11.78 4.14 0.8 -1.0 2002060718 NOGURI
18.0 1.0 -11.58 4.16 0.8 -1.0 2002060800 NOGURI
19.0 1.0 -11.4 4.22 0.76 -0.2 2002060806 NOGURI
20.0 1.0 -11.24 4.28 0.72 0.0 2002060812 NOGURI
21.0 1.0 -11.14 4.36 0.64 0.0 2002060818 NOGURI
22.0 1.0 -11.06 4.54 0.6 0.2 2002060900 NOGURI
23.0 1.0 -11.04 4.66 0.3 0.8 2002060906 NOGURI
24.0 1.0 -11.0 4.78 0.3 0.8 2002060912 NOGURI
25.0 1.0 -10.92 4.98 0.3 0.8 2002060918 NOGURI
26.0 1.0 -10.78 5.18 0.3 0.8 2002061000 NOGURI
27.0 1.0 -10.62 5.4 0.4 0.6 2002061006 NOGURI
28.0 1.0 -10.34 5.7 0.5 0.4 2002061012 NOGURI
29.0 1.0 -10.0 6.08 0.6 0.0 2002061018 NOGURI
30.0 1.0 -9.38 6.54 0.76 null 2002061100 NOGURI
31.0 1.0 -8.84 6.88 0.78 null 2002061106 NOGURI
