0.0 1.0 -13.52 2.28 0.7 -0.88 2003102100 UNNAMED_N11112
1.0 1.0 -13.56 2.34 0.7 -0.88 2003102106 UNNAMED_N11112
2.0 1.0 -13.5 2.4 0.64 -0.8 2003102112 UNNAMED_N11112
3.0 1.0 -13.34 2.38 0.6 -0.68 2003102118 UNNAMED_N11112
4.0 1.0 -13.18 2.38 0.6 -0.6 2003102200 UNNAMED_N11112
5.0 1.0 -13.02 2.36 0.4 -0.4 2003102206 UNNAMED_N11112
6.0 1.0 -12.84 2.32 0.3 -0.28 2003102212 UNNAMED_N11112
7.0 1.0 -12.66 2.28 0.3 -0.28 2003102218 UNNAMED_N11112
8.0 1.0 -12.42 2.22 0.2 -0.2 2003102300 UNNAMED_N11112
9.0 1.0 -12.16 2.18 0.1 0.0 2003102306 UNNAMED_N11112
10.0 1.0 -11.88 2.18 0.1 0.0 2003102312 UNNAMED_N11112
11.0 1.0 -11.72 2.2 -0.1 0.2 2003102318 UNNAMED_N11112
12.0 1.0 -11.58 2.18 -0.2 0.2 2003102400 UNNAMED_N11112
