0.0 1.0 -4.8 1.44 0.96 null 2003081318 KROVANH
1.0 1.0 -4.88 1.5 0.96 null 2003081400 KROVANH
2.0 1.0 -5.02 1.54 0.96 null 2003081406 KROVANH
3.0 1.0 -5.26 1.66 0.96 null 2003081412 KROVANH
4.0 1.0 -5.5 1.74 0.92 null 2003081418 KROVANH
5.0 1.0 -5.7 1.82 0.96 null 2003081500 KROVANH
6.0 1.0 -5.88 1.88 0.92 -1.12 2003081506 KROVANH
7.0 1.0 -6.02 1.98 0.92 -1.12 2003081512 KROVANH
8.0 1.0 -6.12 2.1 0.92 -1.12 2003081518 KROVANH
9.0 1.0 -6.28 2.2 0.96 -1.12 2003081600 KROVANH
10.0 1.0 -6.5 2.3 0.96 -1.12 2003081606 KROVANH
11.0 1.0 -6.74 2.44 0.96 -1.12 2003081612 KROVANH
12.0 1.0 -7.0 2.56 0.96 -1.12 2003081618 KROVANH
13.0 1.0 -7.16 2.66 1.0 -1.12 2003081700 KROVANH
14.0 1.0 -7.28 2.76 0.96 -1.12 2003081706 KROVANH
15.0 1.0 -7.44 2.92 0.96 -1.12 2003081712 KROVANH
16.0 1.0 -7.64 3.12 0.96 -1.12 2003081718 KROVANH
17.0 1.0 -7.78 3.28 0.96 -1.12 2003081800 KROVANH
18.0 1.0 -7.94 3.4 0.96 -1.12 2003081806 KROVANH
19.0 1.0 -8.14 3.5 0.96 -1.12 2003081812 KROVANH
20.0 1.0 -8.34 3.62 0.96 -1.0 2003081818 KROVANH
21.0 1.0 -8.58 3.78 0.96 -1.0 2003081900 KROVANH
22.0 1.0 -8.86 3.9 0.96 -1.12 2003081906 KROVANH
23.0 1.0 -9.12 3.96 0.96 -1.12 2003081912 KROVANH
24.0 1.0 -9.28 3.94 0.96 -1.12 2003081918 KROVANH
25.0 1.0 -9.44 3.9 0.96 -1.0 2003082000 KROVANH
26.0 1.0 -9.58 3.86 0.88 -1.0 2003082006 KROVANH
27.0 1.0 -9.74 3.8 0.76 -0.2 2003082012 KROVANH
28.0 1.0 -9.92 3.76 0.6 0.2 2003082018 KROVANH
29.0 1.0 -10.12 3.72 0.6 0.2 2003082100 KROVANH
30.0 1.0 -10.36 3.68 0.5 0.4 2003082106 KROVANH
31.0 1.0 -10.6 3.6 0.4 0.6 2003082112 KROVANH
32.0 1.0 -10.82 3.56 0.3 0.8 2003082118 KROVANH
33.0 1.0 -11.1 3.56 0.2 1.0 2003082200 KROVANH
34.0 1.0 -11.32 3.54 0.2 1.0 2003082206 KROVANH
35.0 1.0 -11.56 3.5 0.2 1.0 2003082212 KROVANH
36.0 1.0 -11.9 3.46 0.5 0.2 2003082218 KROVANH
37.0 1.0 -12.12 3.5 0.5 0.4 2003082300 KROVANH
38.0 1.0 -12.4 3.52 0.5 0.4 2003082306 KROVANH
39.0 1.0 -12.62 3.56 0.4 0.6 2003082312 KROVANH
40.0 1.0 -12.84 3.66 0.3 0.6 2003082318 KROVANH
41.0 1.0 -13.04 3.76 0.3 0.6 2003082400 KROVANH
42.0 1.0 -13.3 3.84 0.3 0.8 2003082406 KROVANH
43.0 1.0 -13.52 3.92 0.3 0.8 2003082412 KROVANH
44.0 1.0 -13.76 4.0 0.2 1.0 2003082418 KROVANH
45.0 1.0 -13.98 4.1 0.2 1.0 2003082500 KROVANH
46.0 1.0 -14.2 4.18 0.2 1.0 2003082506 KROVANH
47.0 1.0 -14.4 4.26 0.3 0.6 2003082512 KROVANH
48.0 1.0 -14.62 4.3 0.5 0.4 2003082518 KROVANH
49.0 1.0 -14.86 4.44 0.6 0.0 2003082600 KROVANH
50.0 1.0 -15.02 4.54 0.72 -0.8 2003082606 KROVANH
51.0 1.0 -15.4 4.4 0.8 -1.0 2003082612 KROVANH
