0.0 1.0 -12.26 3.1 0.1 0.0 2003052406 LINFA
1.0 1.0 -12.24 3.2 0.1 0.0 2003052412 LINFA
2.0 1.0 -12.24 3.26 0.1 0.0 2003052418 LINFA
3.0 1.0 -12.28 3.3 0.1 0.0 2003052500 LINFA
4.0 1.0 -12.32 3.3 0.8 -1.0 2003052506 LINFA
5.0 1.0 -12.36 3.28 0.8 -1.0 2003052512 LINFA
6.0 1.0 -12.38 3.22 0.8 -1.0 2003052518 LINFA
7.0 1.0 -12.32 3.2 0.68 -0.2 2003052600 LINFA
8.0 1.0 -12.26 3.22 0.6 0.2 2003052606 LINFA
9.0 1.0 -12.18 3.22 0.6 0.2 2003052612 LINFA
10.0 1.0 -12.12 3.22 0.6 0.2 2003052618 LINFA
11.0 1.0 -12.02 3.22 0.5 0.4 2003052700 LINFA
12.0 1.0 -11.8 3.24 0.64 -0.2 2003052706 LINFA
13.0 1.0 -11.62 3.32 0.64 -0.2 2003052712 LINFA
14.0 1.0 -11.46 3.44 0.64 0.0 2003052718 LINFA
15.0 1.0 -11.24 3.66 0.64 0.0 2003052800 LINFA
16.0 1.0 -11.16 3.88 0.64 0.0 2003052806 LINFA
17.0 1.0 -11.04 4.04 0.64 0.0 2003052812 LINFA
18.0 1.0 -10.94 4.2 0.64 0.0 2003052818 LINFA
19.0 1.0 -10.82 4.38 0.64 0.0 2003052900 LINFA
20.0 1.0 -10.6 4.48 0.6 0.0 2003052906 LINFA
21.0 1.0 -10.36 4.6 0.5 0.2 2003052912 LINFA
22.0 1.0 -10.14 4.86 0.4 0.6 2003052918 LINFA
23.0 1.0 -9.96 5.14 0.4 0.6 2003053000 LINFA
24.0 1.0 -9.84 5.52 0.4 0.4 2003053006 LINFA
25.0 1.0 -9.7 5.98 0.4 0.4 2003053012 LINFA
26.0 1.0 -9.54 6.44 0.4 0.4 2003053018 LINFA
27.0 1.0 -9.34 6.78 0.56 -1.0 2003053100 LINFA
28.0 1.0 -9.12 7.0 0.56 -1.0 2003053106 LINFA
29.0 1.0 -8.96 7.22 0.64 -1.0 2003053112 LINFA
30.0 1.0 -8.46 7.54 0.68 -1.0 2003053118 LINFA
31.0 1.0 -7.9 7.92 0.68 -1.0 2003060100 LINFA
32.0 1.0 -7.5 8.18 0.64 -1.0 2003060106 LINFA
33.0 1.0 -7.18 8.56 0.64 -0.8 2003060112 LINFA
34.0 1.0 -6.64 8.84 0.56 -0.68 2003060118 LINFA
35.0 1.0 -6.34 9.02 0.56 -0.68 2003060200 LINFA
36.0 1.0 -6.1 9.46 0.52 -0.6 2003060206 LINFA
37.0 1.0 -5.92 9.8 0.48 -0.6 2003060212 LINFA
38.0 1.0 -5.86 10.0 0.44 -0.68 2003060218 LINFA
39.0 1.0 -5.6 10.18 0.44 -0.8 2003060300 LINFA
40.0 1.0 -5.58 10.56 0.48 -0.8 2003060306 LINFA
41.0 1.0 -5.58 10.82 0.52 -0.8 2003060312 LINFA
42.0 1.0 -5.56 11.0 0.52 -0.8 2003060318 LINFA
43.0 1.0 -5.42 11.02 0.56 -0.8 2003060400 LINFA
44.0 1.0 -5.28 11.18 0.6 -1.0 2003060406 LINFA
