0.0 1.0 -12.48 3.68 null null 2003100600 UNNAMED_N18118
1.0 1.0 -12.58 3.68 null null 2003100606 UNNAMED_N18118
2.0 1.0 -12.66 3.64 null null 2003100612 UNNAMED_N18118
3.0 1.0 -12.76 3.6 null null 2003100618 UNNAMED_N18118
4.0 1.0 -12.86 3.54 null null 2003100700 UNNAMED_N18118
5.0 1.0 -12.96 3.46 null null 2003100706 UNNAMED_N18118
6.0 1.0 -13.0 3.4 0.88 -1.0 2003100712 UNNAMED_N18118
7.0 1.0 -12.96 3.4 0.88 -1.0 2003100718 UNNAMED_N18118
8.0 1.0 -12.92 3.46 0.88 -1.0 2003100800 UNNAMED_N18118
9.0 1.0 -12.96 3.54 0.9 -1.12 2003100806 UNNAMED_N18118
10.0 1.0 -12.92 3.6 0.9 -1.12 2003100812 UNNAMED_N18118
11.0 1.0 -12.94 3.58 0.9 -1.12 2003100818 UNNAMED_N18118
12.0 1.0 -12.96 3.66 0.9 -1.12 2003100900 UNNAMED_N18118
13.0 1.0 -12.98 3.72 0.9 -1.12 2003100906 UNNAMED_N18118
14.0 1.0 -12.98 3.76 0.9 -1.12 2003100912 UNNAMED_N18118
15.0 1.0 -13.0 3.86 0.9 -1.12 2003100918 UNNAMED_N18118
16.0 1.0 -13.02 3.98 0.9 -1.12 2003101000 UNNAMED_N18118
17.0 1.0 -13.08 4.04 null null 2003101006 UNNAMED_N18118
18.0 1.0 -13.24 4.16 null null 2003101012 UNNAMED_N18118
19.0 1.0 -13.44 4.2 null null 2003101018 UNNAMED_N18118
20.0 1.0 -13.6 4.34 null null 2003101100 UNNAMED_N18118
