0.0 1.0 -7.76 2.14 null null 2003111112 NEPARTAK
1.0 1.0 -8.1 2.2 0.88 -1.12 2003111118 NEPARTAK
2.0 1.0 -8.42 2.28 0.88 -1.12 2003111200 NEPARTAK
3.0 1.0 -8.74 2.36 0.84 -1.12 2003111206 NEPARTAK
4.0 1.0 -9.22 2.4 0.8 -1.0 2003111212 NEPARTAK
5.0 1.0 -9.62 2.42 0.76 -0.2 2003111218 NEPARTAK
6.0 1.0 -9.96 2.46 0.64 0.0 2003111300 NEPARTAK
7.0 1.0 -10.32 2.48 0.64 0.0 2003111306 NEPARTAK
8.0 1.0 -10.7 2.48 0.5 0.4 2003111312 NEPARTAK
9.0 1.0 -11.02 2.44 0.6 0.2 2003111318 NEPARTAK
10.0 1.0 -11.32 2.36 0.6 0.2 2003111400 NEPARTAK
11.0 1.0 -11.66 2.4 0.6 0.2 2003111406 NEPARTAK
12.0 1.0 -11.92 2.44 0.6 0.2 2003111412 NEPARTAK
13.0 1.0 -12.2 2.46 0.5 0.4 2003111418 NEPARTAK
14.0 1.0 -12.44 2.54 0.4 0.6 2003111500 NEPARTAK
15.0 1.0 -12.66 2.68 0.3 0.8 2003111506 NEPARTAK
16.0 1.0 -12.84 2.76 0.3 0.8 2003111512 NEPARTAK
17.0 1.0 -13.04 2.82 0.3 0.8 2003111518 NEPARTAK
18.0 1.0 -13.22 2.86 0.3 0.8 2003111600 NEPARTAK
19.0 1.0 -13.38 2.92 0.3 0.8 2003111606 NEPARTAK
20.0 1.0 -13.58 3.02 0.3 0.8 2003111612 NEPARTAK
21.0 1.0 -13.76 3.12 0.2 1.0 2003111618 NEPARTAK
22.0 1.0 -13.92 3.22 0.3 0.8 2003111700 NEPARTAK
23.0 1.0 -14.04 3.26 0.3 0.8 2003111706 NEPARTAK
24.0 1.0 -14.1 3.36 0.3 0.8 2003111712 NEPARTAK
25.0 1.0 -14.18 3.5 0.4 0.8 2003111718 NEPARTAK
26.0 1.0 -14.24 3.62 0.5 0.6 2003111800 NEPARTAK
27.0 1.0 -14.3 3.74 0.6 0.6 2003111806 NEPARTAK
28.0 1.0 -14.28 3.84 0.72 0.2 2003111812 NEPARTAK
29.0 1.0 -14.28 3.94 0.8 0.0 2003111818 NEPARTAK
30.0 1.0 -14.26 4.06 0.8 -0.2 2003111900 NEPARTAK
31.0 1.0 -14.18 4.2 0.88 -1.12 2003111906 NEPARTAK
32.0 1.0 -14.08 4.3 0.96 -1.12 2003111912 NEPARTAK
