0.0 1.0 -15.72 1.82 0.64 -0.8 2003102112 UNNAMED_N09101
1.0 1.0 -15.72 1.88 0.6 -0.68 2003102118 UNNAMED_N09101
2.0 1.0 -15.72 1.9 0.6 -0.6 2003102200 UNNAMED_N09101
3.0 1.0 -15.72 1.92 0.4 -0.4 2003102206 UNNAMED_N09101
4.0 1.0 -15.74 1.94 0.3 -0.28 2003102212 UNNAMED_N09101
5.0 1.0 -15.74 1.98 0.3 -0.28 2003102218 UNNAMED_N09101
6.0 1.0 -15.78 2.02 0.2 -0.2 2003102300 UNNAMED_N09101
7.0 1.0 -15.8 2.08 0.1 0.0 2003102306 UNNAMED_N09101
8.0 1.0 -15.8 2.14 0.1 0.0 2003102312 UNNAMED_N09101
9.0 1.0 -15.78 2.2 -0.1 0.2 2003102318 UNNAMED_N09101
10.0 1.0 -15.8 2.28 -0.2 0.2 2003102400 UNNAMED_N09101
11.0 1.0 -15.84 2.34 -0.3 0.4 2003102406 UNNAMED_N09101
12.0 1.0 -15.94 2.42 -0.3 0.4 2003102412 UNNAMED_N09101
13.0 1.0 -16.08 2.5 -0.3 0.4 2003102418 UNNAMED_N09101
14.0 1.0 -16.28 2.48 -0.1 0.2 2003102500 UNNAMED_N09101
15.0 1.0 -16.52 2.5 -0.1 0.2 2003102506 UNNAMED_N09101
16.0 1.0 -16.76 2.62 0.1 0.0 2003102512 UNNAMED_N09101
17.0 1.0 -16.98 2.64 0.2 -0.2 2003102518 UNNAMED_N09101
18.0 1.0 -17.18 2.64 0.2 -0.2 2003102600 UNNAMED_N09101
19.0 1.0 -17.34 2.66 0.88 -0.6 2003102606 UNNAMED_N09101
20.0 1.0 -17.54 2.7 0.4 -0.4 2003102612 UNNAMED_N09101
21.0 1.0 -17.76 2.74 0.4 -0.4 2003102618 UNNAMED_N09101
22.0 1.0 -17.98 2.82 0.5 -0.48 2003102700 UNNAMED_N09101
23.0 1.0 -18.2 2.92 0.92 -0.4 2003102706 UNNAMED_N09101
24.0 1.0 -18.54 3.04 0.5 -0.48 2003102712 UNNAMED_N09101
25.0 1.0 -18.88 3.22 0.5 -0.48 2003102718 UNNAMED_N09101
26.0 1.0 -19.08 3.48 0.4 -0.4 2003102800 UNNAMED_N09101
27.0 1.0 -19.2 3.64 0.4 -0.4 2003102806 UNNAMED_N09101
28.0 1.0 -19.32 3.74 0.3 -0.28 2003102812 UNNAMED_N09101
