0.0 1.0 -9.92 2.36 null null 2003073018 MORAKOT
1.0 1.0 -10.14 2.56 null null 2003073100 MORAKOT
2.0 1.0 -10.38 2.78 null null 2003073106 MORAKOT
3.0 1.0 -10.6 2.98 null null 2003073112 MORAKOT
4.0 1.0 -10.64 3.1 0.88 -1.12 2003073118 MORAKOT
5.0 1.0 -10.54 3.2 0.88 -1.12 2003080100 MORAKOT
6.0 1.0 -10.54 3.3 0.84 -1.0 2003080106 MORAKOT
7.0 1.0 -10.56 3.38 0.84 -1.0 2003080112 MORAKOT
8.0 1.0 -10.66 3.5 0.84 -1.0 2003080118 MORAKOT
9.0 1.0 -10.8 3.66 0.8 -1.0 2003080200 MORAKOT
10.0 1.0 -11.0 3.78 0.72 -0.2 2003080206 MORAKOT
11.0 1.0 -11.18 3.94 0.68 0.0 2003080212 MORAKOT
12.0 1.0 -11.38 4.04 0.64 0.2 2003080218 MORAKOT
13.0 1.0 -11.58 4.14 0.64 0.2 2003080300 MORAKOT
14.0 1.0 -11.72 4.28 0.64 0.2 2003080306 MORAKOT
15.0 1.0 -11.8 4.44 0.68 0.2 2003080312 MORAKOT
16.0 1.0 -11.92 4.6 0.68 0.0 2003080318 MORAKOT
17.0 1.0 -12.12 4.7 0.72 -0.2 2003080400 MORAKOT
18.0 1.0 -12.22 4.8 0.72 -0.2 2003080406 MORAKOT
19.0 1.0 -12.34 4.88 0.8 -0.4 2003080412 MORAKOT
20.0 1.0 -12.42 5.02 0.3 -0.28 2003080418 MORAKOT
21.0 1.0 -12.5 5.14 0.2 -0.2 2003080500 MORAKOT
