0.0 1.0 -12.24 3.36 0.84 -1.12 2003053000 NANGKA
1.0 1.0 -12.3 3.34 0.8 -1.12 2003053006 NANGKA
2.0 1.0 -12.4 3.32 0.8 -1.0 2003053012 NANGKA
3.0 1.0 -12.48 3.3 0.8 -1.0 2003053018 NANGKA
4.0 1.0 -12.56 3.34 0.8 -1.0 2003053100 NANGKA
5.0 1.0 -12.6 3.38 0.76 -1.0 2003053106 NANGKA
6.0 1.0 -12.64 3.4 0.76 -1.0 2003053112 NANGKA
7.0 1.0 -12.66 3.44 0.76 -1.0 2003053118 NANGKA
8.0 1.0 -12.54 3.44 0.72 -0.2 2003060100 NANGKA
9.0 1.0 -12.46 3.56 0.68 0.0 2003060106 NANGKA
10.0 1.0 -12.36 3.68 0.6 0.2 2003060112 NANGKA
11.0 1.0 -12.24 3.86 0.5 0.4 2003060118 NANGKA
12.0 1.0 -12.12 4.04 0.5 0.4 2003060200 NANGKA
13.0 1.0 -11.94 4.14 0.5 0.4 2003060206 NANGKA
14.0 1.0 -11.66 4.26 0.6 0.4 2003060212 NANGKA
15.0 1.0 -11.34 4.46 0.64 0.2 2003060218 NANGKA
16.0 1.0 -10.98 4.56 0.68 0.0 2003060300 NANGKA
17.0 1.0 -10.48 4.76 0.68 -0.2 2003060306 NANGKA
18.0 1.0 -9.88 5.14 0.68 -0.8 2003060312 NANGKA
19.0 1.0 -9.4 5.5 0.68 -0.8 2003060318 NANGKA
20.0 1.0 -8.9 5.84 0.68 -0.8 2003060400 NANGKA
21.0 1.0 -8.62 6.06 0.72 -1.0 2003060406 NANGKA
22.0 1.0 -8.12 6.3 0.72 -1.0 2003060412 NANGKA
23.0 1.0 -7.64 6.62 0.76 -1.12 2003060418 NANGKA
24.0 1.0 -7.02 7.06 0.8 null 2003060500 NANGKA
25.0 1.0 -6.76 7.24 0.8 null 2003060506 NANGKA
26.0 1.0 -6.2 7.56 0.8 null 2003060512 NANGKA
27.0 1.0 -5.76 7.68 0.8 null 2003060518 NANGKA
28.0 1.0 -5.42 7.9 0.92 null 2003060600 NANGKA
29.0 1.0 -5.16 7.98 0.92 null 2003060606 NANGKA
30.0 1.0 -4.82 8.06 0.96 null 2003060612 NANGKA
31.0 1.0 -4.6 8.06 0.96 null 2003060618 NANGKA
32.0 1.0 -4.32 8.04 1.04 null 2003060700 NANGKA
33.0 1.0 -4.02 8.02 1.04 null 2003060706 NANGKA
34.0 1.0 -3.48 8.06 1.04 null 2003060712 NANGKA
