0.0 1.0 -8.74 3.82 0.96 -1.2 2004071106 KOMPASU
1.0 1.0 -8.9 3.8 0.96 -1.2 2004071112 KOMPASU
2.0 1.0 -9.12 3.92 0.96 -1.12 2004071118 KOMPASU
3.0 1.0 -9.3 4.0 0.96 -1.12 2004071200 KOMPASU
4.0 1.0 -9.5 4.04 0.96 -1.12 2004071206 KOMPASU
5.0 1.0 -9.72 4.08 0.96 -1.12 2004071212 KOMPASU
6.0 1.0 -9.86 4.14 0.96 -1.12 2004071218 KOMPASU
7.0 1.0 -9.98 4.18 0.96 -1.12 2004071300 KOMPASU
8.0 1.0 -10.12 4.2 0.92 -1.0 2004071306 KOMPASU
9.0 1.0 -10.46 4.16 0.88 -1.0 2004071312 KOMPASU
10.0 1.0 -10.86 4.14 0.8 -1.0 2004071318 KOMPASU
11.0 1.0 -11.1 4.22 0.76 -0.2 2004071400 KOMPASU
12.0 1.0 -11.42 4.24 0.72 0.0 2004071406 KOMPASU
13.0 1.0 -11.7 4.1 0.64 0.2 2004071412 KOMPASU
14.0 1.0 -11.98 4.02 0.64 0.2 2004071418 KOMPASU
15.0 1.0 -12.22 4.02 0.64 0.2 2004071500 KOMPASU
16.0 1.0 -12.38 4.06 0.64 0.2 2004071506 KOMPASU
17.0 1.0 -12.58 4.14 0.64 0.2 2004071512 KOMPASU
18.0 1.0 -12.8 4.24 0.64 0.2 2004071518 KOMPASU
19.0 1.0 -13.0 4.3 0.64 0.2 2004071600 KOMPASU
20.0 1.0 -13.12 4.42 0.72 0.2 2004071606 KOMPASU
21.0 1.0 -13.18 4.64 0.88 -1.0 2004071612 KOMPASU
