0.0 1.0 -9.16 1.92 0.88 -1.2 2004111318 MUIFA
1.0 1.0 -9.54 2.08 0.88 -1.0 2004111400 MUIFA
2.0 1.0 -9.86 2.22 0.8 -1.0 2004111406 MUIFA
3.0 1.0 -10.2 2.4 0.8 -1.0 2004111412 MUIFA
4.0 1.0 -10.54 2.48 0.72 -0.2 2004111418 MUIFA
5.0 1.0 -10.72 2.46 0.72 -0.2 2004111500 MUIFA
6.0 1.0 -10.76 2.62 0.72 -0.2 2004111506 MUIFA
7.0 1.0 -10.86 2.74 0.72 -0.2 2004111512 MUIFA
8.0 1.0 -10.92 2.78 0.72 -0.2 2004111518 MUIFA
9.0 1.0 -10.92 2.84 0.68 -0.2 2004111600 MUIFA
10.0 1.0 -11.06 2.92 0.6 0.2 2004111606 MUIFA
11.0 1.0 -11.2 2.88 0.6 0.4 2004111612 MUIFA
12.0 1.0 -11.26 2.88 0.6 0.4 2004111618 MUIFA
13.0 1.0 -11.28 2.9 0.5 0.4 2004111700 MUIFA
14.0 1.0 -11.28 2.94 0.5 0.4 2004111706 MUIFA
15.0 1.0 -11.26 3.0 0.3 0.6 2004111712 MUIFA
16.0 1.0 -11.26 3.08 0.0 1.0 2004111718 MUIFA
17.0 1.0 -11.26 3.12 0.0 1.4 2004111800 MUIFA
18.0 1.0 -11.22 3.16 -0.2 1.6 2004111806 MUIFA
19.0 1.0 -11.18 3.18 -0.2 1.6 2004111812 MUIFA
20.0 1.0 -11.14 3.16 -0.1 1.4 2004111818 MUIFA
21.0 1.0 -11.14 3.08 0.0 1.2 2004111900 MUIFA
22.0 1.0 -11.18 2.96 0.0 1.2 2004111906 MUIFA
23.0 1.0 -11.26 2.86 0.1 1.0 2004111912 MUIFA
24.0 1.0 -11.46 2.72 0.5 0.4 2004111918 MUIFA
25.0 1.0 -11.68 2.56 0.6 0.2 2004112000 MUIFA
26.0 1.0 -11.94 2.48 0.4 0.6 2004112006 MUIFA
27.0 1.0 -12.12 2.46 0.4 0.6 2004112012 MUIFA
28.0 1.0 -12.32 2.46 0.4 0.6 2004112018 MUIFA
29.0 1.0 -12.56 2.4 0.4 0.6 2004112100 MUIFA
30.0 1.0 -12.78 2.38 0.3 0.8 2004112106 MUIFA
31.0 1.0 -12.96 2.36 0.1 1.0 2004112112 MUIFA
32.0 1.0 -13.12 2.34 0.1 1.0 2004112118 MUIFA
33.0 1.0 -13.26 2.3 0.1 1.0 2004112200 MUIFA
34.0 1.0 -13.4 2.22 0.3 0.8 2004112206 MUIFA
35.0 1.0 -13.48 2.16 0.3 0.8 2004112212 MUIFA
36.0 1.0 -13.56 2.12 0.3 0.8 2004112218 MUIFA
37.0 1.0 -13.64 2.06 0.4 0.6 2004112300 MUIFA
38.0 1.0 -13.74 2.0 0.5 0.6 2004112306 MUIFA
39.0 1.0 -13.86 1.96 0.5 0.6 2004112312 MUIFA
40.0 1.0 -13.96 1.92 0.6 0.4 2004112318 MUIFA
41.0 1.0 -14.1 1.84 0.6 0.4 2004112400 MUIFA
42.0 1.0 -14.28 1.78 0.68 0.2 2004112406 MUIFA
43.0 1.0 -14.56 1.7 0.76 -0.2 2004112412 MUIFA
44.0 1.0 -14.9 1.68 0.76 -0.2 2004112418 MUIFA
45.0 1.0 -15.26 1.72 0.76 -0.2 2004112500 MUIFA
46.0 1.0 -15.62 1.72 0.8 -0.2 2004112506 MUIFA
47.0 1.0 -15.9 1.78 0.88 null 2004112512 MUIFA
48.0 1.0 -16.08 2.0 null null 2004112518 MUIFA
49.0 1.0 -16.02 2.26 null null 2004112600 MUIFA
