0.0 1.0 -5.3 1.12 0.92 -1.2 2004112800 NANMADOL
1.0 1.0 -5.58 1.12 0.84 -1.12 2004112806 NANMADOL
2.0 1.0 -5.92 1.18 0.8 -1.0 2004112812 NANMADOL
3.0 1.0 -6.18 1.22 0.8 -1.0 2004112818 NANMADOL
4.0 1.0 -6.46 1.28 0.64 -0.2 2004112900 NANMADOL
5.0 1.0 -6.8 1.36 0.64 -0.2 2004112906 NANMADOL
6.0 1.0 -7.16 1.42 0.6 0.0 2004112912 NANMADOL
7.0 1.0 -7.4 1.54 0.5 0.2 2004112918 NANMADOL
8.0 1.0 -7.8 1.72 0.4 0.4 2004113000 NANMADOL
9.0 1.0 -8.2 1.88 0.3 0.8 2004113006 NANMADOL
10.0 1.0 -8.58 2.0 0.0 1.4 2004113012 NANMADOL
11.0 1.0 -8.96 2.14 -0.1 1.4 2004113018 NANMADOL
12.0 1.0 -9.44 2.34 -0.4 1.8 2004120100 NANMADOL
13.0 1.0 -9.88 2.48 -0.5 2.0 2004120106 NANMADOL
14.0 1.0 -10.26 2.62 -0.5 2.0 2004120112 NANMADOL
15.0 1.0 -10.64 2.74 -0.5 2.0 2004120118 NANMADOL
16.0 1.0 -11.0 2.86 -0.3 1.6 2004120200 NANMADOL
17.0 1.0 -11.32 2.98 -0.3 1.6 2004120206 NANMADOL
18.0 1.0 -11.6 3.18 -0.1 1.4 2004120212 NANMADOL
19.0 1.0 -11.98 3.46 0.1 1.2 2004120218 NANMADOL
20.0 1.0 -12.18 3.62 0.2 0.8 2004120300 NANMADOL
21.0 1.0 -12.28 3.84 0.4 0.6 2004120306 NANMADOL
22.0 1.0 -12.34 4.04 0.5 0.4 2004120312 NANMADOL
23.0 1.0 -12.16 4.34 0.5 0.4 2004120318 NANMADOL
24.0 1.0 -11.88 4.5 0.64 0.2 2004120400 NANMADOL
25.0 1.0 -11.48 4.64 0.8 -1.0 2004120406 NANMADOL
