0.0 1.0 -13.24 1.84 0.76 -0.88 2004051400 UNNAMED_N09114
1.0 1.0 -13.36 1.9 0.88 -1.0 2004051406 UNNAMED_N09114
2.0 1.0 -13.5 1.92 0.88 -1.0 2004051412 UNNAMED_N09114
3.0 1.0 -13.62 1.94 0.88 -1.0 2004051418 UNNAMED_N09114
4.0 1.0 -13.74 1.94 0.88 -1.0 2004051500 UNNAMED_N09114
5.0 1.0 -13.82 1.92 0.88 -1.0 2004051506 UNNAMED_N09114
6.0 1.0 -13.9 1.9 0.88 -1.0 2004051512 UNNAMED_N09114
7.0 1.0 -14.0 1.92 0.88 -1.0 2004051518 UNNAMED_N09114
8.0 1.0 -14.1 1.96 0.88 -1.0 2004051600 UNNAMED_N09114
9.0 1.0 -14.24 1.94 0.88 -1.0 2004051606 UNNAMED_N09114
10.0 1.0 -14.36 1.94 0.88 -1.2 2004051612 UNNAMED_N09114
11.0 1.0 -14.3 1.92 0.88 -1.2 2004051618 UNNAMED_N09114
12.0 1.0 -14.18 2.0 0.84 -1.12 2004051700 UNNAMED_N09114
13.0 1.0 -14.1 2.0 0.84 -1.12 2004051706 UNNAMED_N09114
14.0 1.0 -14.04 2.02 0.84 -1.12 2004051712 UNNAMED_N09114
15.0 1.0 -13.98 2.06 0.8 -1.0 2004051718 UNNAMED_N09114
16.0 1.0 -13.92 2.1 0.7 -0.88 2004051800 UNNAMED_N09114
17.0 1.0 -13.86 2.14 0.7 -0.88 2004051806 UNNAMED_N09114
18.0 1.0 -13.82 2.2 0.7 -0.88 2004051812 UNNAMED_N09114
