0.0 1.0 -12.08 4.6 0.84 -1.12 2004091018 HAIMA
1.0 1.0 -11.96 4.56 0.8 -0.2 2004091100 HAIMA
2.0 1.0 -11.76 4.54 0.76 -0.2 2004091106 HAIMA
3.0 1.0 -11.64 4.68 0.76 -0.2 2004091112 HAIMA
4.0 1.0 -11.58 4.88 0.72 0.0 2004091118 HAIMA
5.0 1.0 -11.56 4.98 0.72 0.0 2004091200 HAIMA
6.0 1.0 -11.56 5.08 0.72 0.0 2004091206 HAIMA
7.0 1.0 -11.56 5.22 0.76 -0.2 2004091212 HAIMA
8.0 1.0 -11.62 5.34 0.76 -0.2 2004091218 HAIMA
9.0 1.0 -11.7 5.46 0.8 -0.2 2004091300 HAIMA
10.0 1.0 -11.86 5.58 0.88 -0.88 2004091306 HAIMA
11.0 1.0 -12.0 5.7 1.0 -1.12 2004091312 HAIMA
12.0 1.0 -12.08 6.0 1.0 -1.12 2004091318 HAIMA
13.0 1.0 -12.16 6.4 0.96 -1.0 2004091400 HAIMA
14.0 1.0 -12.18 6.58 0.96 -1.0 2004091406 HAIMA
15.0 1.0 -12.14 7.14 0.96 -1.0 2004091412 HAIMA
16.0 1.0 -12.38 7.78 0.88 -1.0 2004091418 HAIMA
17.0 1.0 -12.42 8.08 0.88 -1.0 2004091500 HAIMA
18.0 1.0 -12.52 8.42 0.88 -1.0 2004091506 HAIMA
19.0 1.0 -12.64 8.96 0.88 -1.0 2004091512 HAIMA
20.0 1.0 -12.7 9.36 0.8 -1.0 2004091518 HAIMA
21.0 1.0 -12.68 9.88 0.76 -1.0 2004091600 HAIMA
22.0 1.0 -12.68 10.18 0.68 -1.0 2004091606 HAIMA
23.0 1.0 -12.42 10.32 0.68 null 2004091612 HAIMA
24.0 1.0 -12.2 10.42 0.68 null 2004091618 HAIMA
25.0 1.0 -11.96 10.5 0.68 null 2004091700 HAIMA
26.0 1.0 -11.58 10.6 0.64 null 2004091706 HAIMA
27.0 1.0 -11.3 10.62 0.72 null 2004091712 HAIMA
28.0 1.0 -11.14 10.62 0.72 null 2004091718 HAIMA
29.0 1.0 -10.9 10.56 0.76 null 2004091800 HAIMA
30.0 1.0 -10.7 10.5 0.76 null 2004091806 HAIMA
31.0 1.0 -10.3 10.44 0.76 null 2004091812 HAIMA
32.0 1.0 -10.02 10.42 0.76 null 2004091818 HAIMA
33.0 1.0 -9.76 10.4 0.76 -1.2 2004091900 HAIMA
34.0 1.0 -9.38 10.4 0.76 -1.2 2004091906 HAIMA
