0.0 1.0 -13.08 3.7 0.56 -1.12 2005072812 WASHI
1.0 1.0 -13.4 3.68 0.72 -1.0 2005072818 WASHI
2.0 1.0 -13.5 3.68 0.72 -1.0 2005072900 WASHI
3.0 1.0 -13.6 3.72 0.68 -0.88 2005072906 WASHI
4.0 1.0 -13.68 3.74 0.64 -0.2 2005072912 WASHI
5.0 1.0 -13.8 3.76 0.5 0.0 2005072918 WASHI
6.0 1.0 -13.96 3.84 0.5 0.2 2005073000 WASHI
7.0 1.0 -14.12 3.88 0.5 0.2 2005073006 WASHI
8.0 1.0 -14.3 3.9 0.5 0.2 2005073012 WASHI
9.0 1.0 -14.44 3.94 0.5 0.2 2005073018 WASHI
10.0 1.0 -14.62 4.0 0.5 0.2 2005073100 WASHI
11.0 1.0 -14.82 4.06 0.5 0.0 2005073106 WASHI
12.0 1.0 -15.12 4.08 0.6 -0.2 2005073112 WASHI
13.0 1.0 -15.36 4.06 0.76 -0.88 2005073118 WASHI
