0.0 1.0 -7.96 1.68 0.96 null 2005110612 TEMBIN
1.0 1.0 -8.02 1.86 0.96 null 2005110618 TEMBIN
2.0 1.0 -8.08 1.98 0.96 null 2005110700 TEMBIN
3.0 1.0 -8.34 2.22 0.92 -1.12 2005110706 TEMBIN
4.0 1.0 -8.52 2.4 0.92 -1.12 2005110712 TEMBIN
5.0 1.0 -8.64 2.46 0.92 -1.12 2005110718 TEMBIN
6.0 1.0 -8.78 2.5 0.96 -1.12 2005110800 TEMBIN
7.0 1.0 -8.98 2.56 0.96 -1.12 2005110806 TEMBIN
8.0 1.0 -9.22 2.58 0.96 -1.12 2005110812 TEMBIN
9.0 1.0 -9.44 2.58 0.96 -1.12 2005110818 TEMBIN
10.0 1.0 -9.74 2.6 0.96 -1.0 2005110900 TEMBIN
11.0 1.0 -10.1 2.64 0.92 -1.0 2005110906 TEMBIN
12.0 1.0 -10.44 2.7 0.96 -1.0 2005110912 TEMBIN
13.0 1.0 -10.76 2.9 0.92 -1.0 2005110918 TEMBIN
14.0 1.0 -11.08 2.96 0.84 -0.2 2005111000 TEMBIN
15.0 1.0 -11.38 3.06 0.84 -0.2 2005111006 TEMBIN
16.0 1.0 -11.64 3.16 0.88 -0.88 2005111012 TEMBIN
17.0 1.0 -11.84 3.26 0.88 -1.0 2005111018 TEMBIN
18.0 1.0 -11.98 3.34 0.88 -1.0 2005111100 TEMBIN
19.0 1.0 -12.18 3.6 0.88 -1.12 2005111106 TEMBIN
20.0 1.0 -12.42 3.82 0.96 -1.12 2005111112 TEMBIN
21.0 1.0 -12.54 3.9 1.0 -1.12 2005111118 TEMBIN
22.0 1.0 -12.74 3.88 1.0 -1.2 2005111200 TEMBIN
23.0 1.0 -12.92 3.76 0.96 -1.2 2005111206 TEMBIN
24.0 1.0 -13.02 3.58 0.96 -1.2 2005111212 TEMBIN
