0.0 1.0 -10.5 1.54 0.92 -1.2 2005121512 UNNAMED_N08127
1.0 1.0 -10.72 1.64 0.92 -1.2 2005121518 UNNAMED_N08127
2.0 1.0 -10.96 1.82 0.92 -1.2 2005121600 UNNAMED_N08127
3.0 1.0 -11.22 1.86 0.92 -1.2 2005121606 UNNAMED_N08127
4.0 1.0 -11.46 2.02 0.88 -1.12 2005121612 UNNAMED_N08127
5.0 1.0 -11.68 2.18 0.88 -1.12 2005121618 UNNAMED_N08127
6.0 1.0 -11.94 2.2 0.88 -1.12 2005121700 UNNAMED_N08127
7.0 1.0 -12.16 2.14 0.88 -1.12 2005121706 UNNAMED_N08127
8.0 1.0 -12.4 2.08 0.88 -1.12 2005121712 UNNAMED_N08127
9.0 1.0 -12.68 1.96 0.88 -1.12 2005121718 UNNAMED_N08127
10.0 1.0 -12.9 1.82 0.88 -1.12 2005121800 UNNAMED_N08127
11.0 1.0 -13.12 1.74 0.84 -1.12 2005121806 UNNAMED_N08127
12.0 1.0 -13.36 1.68 0.8 -1.0 2005121812 UNNAMED_N08127
13.0 1.0 -13.56 1.66 0.8 -1.0 2005121818 UNNAMED_N08127
14.0 1.0 -13.62 1.74 0.8 -1.0 2005121900 UNNAMED_N08127
15.0 1.0 -13.68 1.8 0.8 -1.0 2005121906 UNNAMED_N08127
16.0 1.0 -13.78 1.82 0.8 -1.0 2005121912 UNNAMED_N08127
17.0 1.0 -13.9 1.82 0.8 -1.0 2005121918 UNNAMED_N08127
18.0 1.0 -14.02 1.76 0.8 -1.0 2005122000 UNNAMED_N08127
19.0 1.0 -14.14 1.7 0.88 -1.12 2005122006 UNNAMED_N08127
20.0 1.0 -14.28 1.66 null null 2005122012 UNNAMED_N08127
21.0 1.0 -14.42 1.64 null null 2005122018 UNNAMED_N08127
22.0 1.0 -14.56 1.6 null null 2005122100 UNNAMED_N08127
23.0 1.0 -14.74 1.58 null null 2005122106 UNNAMED_N08127
