0.0 1.0 -9.82 2.76 0.84 -1.0 2005080918 SANVU
1.0 1.0 -9.94 2.84 0.84 -1.0 2005081000 SANVU
2.0 1.0 -10.08 2.92 0.76 -1.0 2005081006 SANVU
3.0 1.0 -10.24 3.0 0.76 -1.0 2005081012 SANVU
4.0 1.0 -10.4 3.1 0.76 -1.0 2005081018 SANVU
5.0 1.0 -10.68 3.24 0.72 -1.0 2005081100 SANVU
6.0 1.0 -11.04 3.44 0.68 -0.2 2005081106 SANVU
7.0 1.0 -11.32 3.58 0.68 0.0 2005081112 SANVU
8.0 1.0 -11.6 3.68 0.64 0.0 2005081118 SANVU
9.0 1.0 -11.8 3.8 0.64 0.0 2005081200 SANVU
10.0 1.0 -12.04 3.94 0.6 0.2 2005081206 SANVU
11.0 1.0 -12.2 4.08 0.6 0.4 2005081212 SANVU
12.0 1.0 -12.36 4.3 0.5 0.4 2005081218 SANVU
13.0 1.0 -12.56 4.56 0.5 0.4 2005081300 SANVU
14.0 1.0 -12.68 4.76 0.5 0.4 2005081306 SANVU
15.0 1.0 -12.84 5.0 0.64 -0.2 2005081312 SANVU
16.0 1.0 -12.94 5.24 0.72 -0.88 2005081318 SANVU
17.0 1.0 -13.0 5.4 0.76 -1.0 2005081400 SANVU
18.0 1.0 -13.1 5.52 0.76 -1.0 2005081406 SANVU
19.0 1.0 -13.32 5.7 0.8 -1.12 2005081412 SANVU
20.0 1.0 -13.48 5.8 0.8 -1.12 2005081418 SANVU
21.0 1.0 -13.64 5.84 0.8 -1.2 2005081500 SANVU
