0.0 1.0 -12.08 2.94 null null 2005091406 VICENTE
1.0 1.0 -12.3 3.0 null null 2005091412 VICENTE
2.0 1.0 -12.52 2.98 null null 2005091418 VICENTE
3.0 1.0 -12.78 2.94 null null 2005091500 VICENTE
4.0 1.0 -12.94 2.82 0.88 -1.0 2005091506 VICENTE
5.0 1.0 -13.12 2.72 0.88 -1.0 2005091512 VICENTE
6.0 1.0 -13.3 2.58 0.84 -1.0 2005091518 VICENTE
7.0 1.0 -13.42 2.38 0.8 -1.0 2005091600 VICENTE
8.0 1.0 -13.3 2.18 0.76 -1.0 2005091606 VICENTE
9.0 1.0 -13.14 2.28 0.64 -0.2 2005091612 VICENTE
10.0 1.0 -13.12 2.46 0.6 0.0 2005091618 VICENTE
11.0 1.0 -13.1 2.72 0.6 0.0 2005091700 VICENTE
12.0 1.0 -13.26 3.06 0.6 0.0 2005091706 VICENTE
13.0 1.0 -13.66 3.3 0.6 0.0 2005091712 VICENTE
14.0 1.0 -14.02 3.4 0.6 0.2 2005091718 VICENTE
15.0 1.0 -14.3 3.44 0.5 0.2 2005091800 VICENTE
16.0 1.0 -14.62 3.52 0.64 0.0 2005091806 VICENTE
17.0 1.0 -15.02 3.74 0.68 -0.2 2005091812 VICENTE
18.0 1.0 -15.54 3.84 0.8 -1.0 2005091818 VICENTE
19.0 1.0 -16.04 4.0 1.0 -1.2 2005091900 VICENTE
