0.0 1.0 -5.62 1.22 0.96 -1.2 2005031200 ROKE
1.0 1.0 -5.76 1.24 0.92 -1.2 2005031206 ROKE
2.0 1.0 -5.92 1.3 0.96 -1.2 2005031212 ROKE
3.0 1.0 -6.1 1.38 0.92 -1.2 2005031218 ROKE
4.0 1.0 -6.32 1.46 0.96 -1.2 2005031300 ROKE
5.0 1.0 -6.6 1.58 0.88 -1.12 2005031306 ROKE
6.0 1.0 -6.9 1.68 0.84 -1.0 2005031312 ROKE
7.0 1.0 -7.24 1.86 0.8 -1.0 2005031318 ROKE
8.0 1.0 -7.5 1.98 0.8 -1.0 2005031400 ROKE
9.0 1.0 -7.76 2.06 0.8 -1.0 2005031406 ROKE
10.0 1.0 -8.0 2.1 0.8 -1.0 2005031412 ROKE
11.0 1.0 -8.22 2.16 0.8 -1.0 2005031418 ROKE
12.0 1.0 -8.5 2.3 0.72 -0.2 2005031500 ROKE
13.0 1.0 -8.8 2.4 0.64 0.0 2005031506 ROKE
14.0 1.0 -9.1 2.44 0.6 0.0 2005031512 ROKE
15.0 1.0 -9.42 2.42 0.5 0.2 2005031518 ROKE
16.0 1.0 -9.76 2.38 0.5 0.4 2005031600 ROKE
17.0 1.0 -10.22 2.34 0.4 0.6 2005031606 ROKE
18.0 1.0 -10.66 2.3 0.4 0.6 2005031612 ROKE
19.0 1.0 -11.04 2.2 0.6 0.2 2005031618 ROKE
20.0 1.0 -11.42 2.2 0.64 0.0 2005031700 ROKE
21.0 1.0 -11.76 2.3 0.72 -0.2 2005031706 ROKE
22.0 1.0 -12.0 2.4 0.8 -0.88 2005031712 ROKE
23.0 1.0 -12.28 2.42 0.88 -1.0 2005031718 ROKE
24.0 1.0 -12.58 2.4 0.96 -1.12 2005031800 ROKE
25.0 1.0 -12.82 2.38 0.96 -1.12 2005031806 ROKE
26.0 1.0 -13.08 2.32 0.96 -1.2 2005031812 ROKE
27.0 1.0 -13.32 2.28 0.96 -1.2 2005031818 ROKE
28.0 1.0 -13.6 2.18 0.96 -1.2 2005031900 ROKE
29.0 1.0 -13.9 2.1 0.96 -1.2 2005031906 ROKE
