0.0 1.0 -6.46 2.84 0.5 -0.48 2005082418 TALIM
1.0 1.0 -6.6 2.74 0.6 -0.6 2005082500 TALIM
2.0 1.0 -6.74 2.64 0.6 -0.68 2005082506 TALIM
3.0 1.0 -6.9 2.6 0.64 -1.0 2005082512 TALIM
4.0 1.0 -7.02 2.54 0.88 -1.0 2005082518 TALIM
5.0 1.0 -7.18 2.52 0.88 -1.0 2005082600 TALIM
6.0 1.0 -7.3 2.56 0.84 -1.0 2005082606 TALIM
7.0 1.0 -7.38 2.62 0.84 -1.0 2005082612 TALIM
8.0 1.0 -7.46 2.72 0.76 -1.0 2005082618 TALIM
9.0 1.0 -7.54 2.88 0.72 -0.2 2005082700 TALIM
10.0 1.0 -7.66 3.14 0.72 -0.2 2005082706 TALIM
11.0 1.0 -7.76 3.34 0.64 0.0 2005082712 TALIM
12.0 1.0 -8.04 3.5 0.6 0.2 2005082718 TALIM
13.0 1.0 -8.24 3.66 0.5 0.4 2005082800 TALIM
14.0 1.0 -8.44 3.86 0.3 1.0 2005082806 TALIM
15.0 1.0 -8.64 3.98 0.2 1.0 2005082812 TALIM
16.0 1.0 -8.86 4.1 0.1 1.2 2005082818 TALIM
17.0 1.0 -9.16 4.18 0.1 1.2 2005082900 TALIM
18.0 1.0 -9.4 4.2 -0.1 1.4 2005082906 TALIM
19.0 1.0 -9.64 4.2 -0.5 2.0 2005082912 TALIM
20.0 1.0 -9.88 4.24 -0.7 2.2 2005082918 TALIM
21.0 1.0 -10.08 4.28 -0.7 2.2 2005083000 TALIM
22.0 1.0 -10.32 4.36 -0.7 2.2 2005083006 TALIM
23.0 1.0 -10.54 4.4 -0.7 2.2 2005083012 TALIM
24.0 1.0 -10.74 4.46 -0.4 1.8 2005083018 TALIM
25.0 1.0 -10.98 4.54 -0.3 1.8 2005083100 TALIM
26.0 1.0 -11.2 4.66 -0.3 1.8 2005083106 TALIM
27.0 1.0 -11.42 4.76 -0.5 2.0 2005083112 TALIM
28.0 1.0 -11.7 4.76 -0.2 1.6 2005083118 TALIM
29.0 1.0 -11.9 4.86 0.0 1.4 2005090100 TALIM
30.0 1.0 -12.1 5.04 0.4 0.8 2005090106 TALIM
31.0 1.0 -12.38 5.12 0.5 0.4 2005090112 TALIM
32.0 1.0 -12.62 5.2 0.64 0.2 2005090118 TALIM
33.0 1.0 -12.86 5.32 0.72 0.0 2005090200 TALIM
34.0 1.0 -13.02 5.48 0.8 0.8 2005090206 TALIM
35.0 1.0 -13.08 5.58 0.84 0.6 2005090212 TALIM
36.0 1.0 -13.12 5.66 0.84 0.6 2005090218 TALIM
37.0 1.0 -13.16 5.66 -0.5 0.6 2005090300 TALIM
38.0 1.0 -13.18 5.68 -0.5 0.6 2005090306 TALIM
