0.0 1.0 -13.0 2.64 0.88 -1.2 2006092100 UNNAMED_N13115
1.0 1.0 -12.92 2.66 0.88 -1.2 2006092106 UNNAMED_N13115
2.0 1.0 -12.92 2.72 0.88 -1.2 2006092112 UNNAMED_N13115
3.0 1.0 -12.98 2.74 0.84 -1.12 2006092118 UNNAMED_N13115
4.0 1.0 -13.06 2.72 0.84 -1.12 2006092200 UNNAMED_N13115
5.0 1.0 -13.14 2.7 0.84 -1.12 2006092206 UNNAMED_N13115
6.0 1.0 -13.22 2.7 0.84 -1.12 2006092212 UNNAMED_N13115
7.0 1.0 -13.34 2.74 0.8 -1.0 2006092218 UNNAMED_N13115
8.0 1.0 -13.48 2.78 0.8 -1.0 2006092300 UNNAMED_N13115
9.0 1.0 -13.62 2.86 0.8 -1.0 2006092306 UNNAMED_N13115
10.0 1.0 -13.68 2.98 0.8 -1.0 2006092312 UNNAMED_N13115
11.0 1.0 -13.74 3.1 0.8 -1.0 2006092318 UNNAMED_N13115
12.0 1.0 -13.84 3.26 0.7 -0.88 2006092400 UNNAMED_N13115
13.0 1.0 -14.04 3.32 0.7 -0.88 2006092406 UNNAMED_N13115
14.0 1.0 -14.18 3.4 0.7 -0.88 2006092412 UNNAMED_N13115
15.0 1.0 -14.32 3.44 0.7 -0.88 2006092418 UNNAMED_N13115
16.0 1.0 -14.46 3.48 0.88 -1.12 2006092500 UNNAMED_N13115
17.0 1.0 -14.82 3.6 0.84 -1.0 2006092506 UNNAMED_N13115
