0.0 1.0 -9.1 1.64 null null 2006062218 JELAWAT
1.0 1.0 -9.32 1.7 null null 2006062300 JELAWAT
2.0 1.0 -9.54 1.76 null null 2006062306 JELAWAT
3.0 1.0 -9.78 1.82 null null 2006062312 JELAWAT
4.0 1.0 -10.04 1.9 null null 2006062318 JELAWAT
5.0 1.0 -10.32 1.98 null null 2006062400 JELAWAT
6.0 1.0 -10.58 2.1 0.92 -1.12 2006062406 JELAWAT
7.0 1.0 -10.78 2.24 0.92 -1.12 2006062412 JELAWAT
8.0 1.0 -10.96 2.34 0.92 -1.12 2006062418 JELAWAT
9.0 1.0 -11.2 2.38 0.96 -1.12 2006062500 JELAWAT
10.0 1.0 -11.44 2.42 0.92 -1.12 2006062506 JELAWAT
11.0 1.0 -11.68 2.48 0.96 -1.12 2006062512 JELAWAT
12.0 1.0 -11.9 2.58 0.96 -1.12 2006062518 JELAWAT
13.0 1.0 -12.1 2.7 0.92 -1.0 2006062600 JELAWAT
14.0 1.0 -12.34 2.88 0.88 -1.0 2006062606 JELAWAT
15.0 1.0 -12.58 3.04 0.88 -1.0 2006062612 JELAWAT
16.0 1.0 -12.78 3.18 0.88 -1.0 2006062618 JELAWAT
17.0 1.0 -12.92 3.34 0.84 -1.0 2006062700 JELAWAT
18.0 1.0 -13.08 3.46 0.84 -0.88 2006062706 JELAWAT
19.0 1.0 -13.26 3.62 0.8 -0.2 2006062712 JELAWAT
20.0 1.0 -13.44 3.7 0.76 -0.2 2006062718 JELAWAT
21.0 1.0 -13.6 3.84 0.76 -0.2 2006062800 JELAWAT
22.0 1.0 -13.7 3.94 0.72 0.0 2006062806 JELAWAT
23.0 1.0 -13.78 4.02 0.72 0.0 2006062812 JELAWAT
24.0 1.0 -13.84 4.12 0.72 -0.2 2006062818 JELAWAT
25.0 1.0 -13.9 4.24 0.76 -1.12 2006062900 JELAWAT
26.0 1.0 -14.08 4.44 0.88 -1.12 2006062906 JELAWAT
