0.0 1.0 -5.7 1.52 0.8 -1.2 2006071700 KAEMI
1.0 1.0 -6.0 1.6 0.8 -1.2 2006071706 KAEMI
2.0 1.0 -6.26 1.7 0.8 -1.2 2006071712 KAEMI
3.0 1.0 -6.5 1.8 0.92 -1.12 2006071718 KAEMI
4.0 1.0 -6.62 1.88 0.92 -1.12 2006071800 KAEMI
5.0 1.0 -6.84 1.96 0.88 -1.0 2006071806 KAEMI
6.0 1.0 -7.1 2.04 0.88 -1.0 2006071812 KAEMI
7.0 1.0 -7.32 2.1 0.88 -1.0 2006071818 KAEMI
8.0 1.0 -7.58 2.22 0.88 -1.0 2006071900 KAEMI
9.0 1.0 -7.84 2.34 0.84 -0.88 2006071906 KAEMI
10.0 1.0 -8.04 2.4 0.76 -0.2 2006071912 KAEMI
11.0 1.0 -8.2 2.42 0.68 0.0 2006071918 KAEMI
12.0 1.0 -8.34 2.52 0.64 0.4 2006072000 KAEMI
13.0 1.0 -8.48 2.7 0.5 0.6 2006072006 KAEMI
14.0 1.0 -8.72 2.82 0.4 0.8 2006072012 KAEMI
15.0 1.0 -8.9 2.94 0.3 1.0 2006072018 KAEMI
16.0 1.0 -9.18 3.08 0.2 1.2 2006072100 KAEMI
17.0 1.0 -9.44 3.16 0.1 1.4 2006072106 KAEMI
18.0 1.0 -9.66 3.22 0.0 1.6 2006072112 KAEMI
19.0 1.0 -9.84 3.28 0.0 1.6 2006072118 KAEMI
20.0 1.0 -10.06 3.32 0.0 1.6 2006072200 KAEMI
21.0 1.0 -10.16 3.38 0.0 1.6 2006072206 KAEMI
22.0 1.0 -10.24 3.44 0.0 1.6 2006072212 KAEMI
23.0 1.0 -10.38 3.6 0.0 1.6 2006072218 KAEMI
24.0 1.0 -10.5 3.72 0.0 1.6 2006072300 KAEMI
25.0 1.0 -10.7 3.88 0.0 1.6 2006072306 KAEMI
26.0 1.0 -10.86 4.04 0.1 1.4 2006072312 KAEMI
27.0 1.0 -11.08 4.14 0.1 1.4 2006072318 KAEMI
28.0 1.0 -11.24 4.22 0.2 1.2 2006072400 KAEMI
29.0 1.0 -11.42 4.34 0.2 1.2 2006072406 KAEMI
30.0 1.0 -11.62 4.46 0.3 1.0 2006072412 KAEMI
31.0 1.0 -11.86 4.62 0.5 0.8 2006072418 KAEMI
32.0 1.0 -12.06 4.72 0.5 0.6 2006072500 KAEMI
33.0 1.0 -12.24 4.84 0.5 0.4 2006072506 KAEMI
34.0 1.0 -12.48 4.88 0.6 0.2 2006072512 KAEMI
35.0 1.0 -12.64 4.9 0.6 0.0 2006072518 KAEMI
36.0 1.0 -12.82 4.98 0.64 -1.2 2006072600 KAEMI
37.0 1.0 -12.98 5.0 0.68 -1.2 2006072606 KAEMI
38.0 1.0 -13.08 5.06 0.72 -1.2 2006072612 KAEMI
39.0 1.0 -13.2 5.1 0.76 -1.2 2006072618 KAEMI
40.0 1.0 -13.28 5.1 0.8 -1.2 2006072700 KAEMI
41.0 1.0 -13.56 5.04 0.76 -1.2 2006072706 KAEMI
42.0 1.0 -13.92 4.8 0.74 -1.2 2006072712 KAEMI
43.0 1.0 -14.14 4.6 0.76 -1.2 2006072718 KAEMI
44.0 1.0 -14.16 4.4 0.76 -1.2 2006072800 KAEMI
45.0 1.0 -14.18 4.38 0.88 -1.12 2006072806 KAEMI
46.0 1.0 -14.22 4.36 0.88 -1.12 2006072812 KAEMI
47.0 1.0 -14.26 4.34 0.88 -1.12 2006072818 KAEMI
48.0 1.0 -14.3 4.3 0.88 -1.12 2006072900 KAEMI
