0.0 1.0 -7.54 1.66 null null 2006120600 UTOR
1.0 1.0 -7.8 1.68 null null 2006120606 UTOR
2.0 1.0 -8.06 1.7 null null 2006120612 UTOR
3.0 1.0 -8.36 1.72 null null 2006120618 UTOR
4.0 1.0 -8.66 1.8 0.92 -1.0 2006120700 UTOR
5.0 1.0 -8.86 1.84 0.88 -1.0 2006120706 UTOR
6.0 1.0 -9.08 1.9 0.88 -1.0 2006120712 UTOR
7.0 1.0 -9.34 2.02 0.76 -0.2 2006120718 UTOR
8.0 1.0 -9.66 2.1 0.68 0.0 2006120800 UTOR
9.0 1.0 -9.96 2.14 0.6 0.2 2006120806 UTOR
10.0 1.0 -10.2 2.16 0.4 0.6 2006120812 UTOR
11.0 1.0 -10.44 2.18 0.3 0.8 2006120818 UTOR
12.0 1.0 -10.68 2.22 0.3 0.8 2006120900 UTOR
13.0 1.0 -10.9 2.26 0.3 0.8 2006120906 UTOR
14.0 1.0 -11.16 2.32 0.2 1.0 2006120912 UTOR
15.0 1.0 -11.48 2.38 0.1 1.2 2006120918 UTOR
16.0 1.0 -11.66 2.44 -0.1 1.4 2006121000 UTOR
17.0 1.0 -11.88 2.48 0.2 1.0 2006121006 UTOR
18.0 1.0 -12.04 2.54 0.4 0.8 2006121012 UTOR
19.0 1.0 -12.16 2.6 0.5 0.6 2006121018 UTOR
20.0 1.0 -12.3 2.64 0.5 0.6 2006121100 UTOR
21.0 1.0 -12.44 2.7 0.5 0.6 2006121106 UTOR
22.0 1.0 -12.56 2.76 0.4 0.8 2006121112 UTOR
23.0 1.0 -12.68 2.78 0.2 1.0 2006121118 UTOR
24.0 1.0 -12.84 2.86 0.0 1.2 2006121200 UTOR
25.0 1.0 -13.04 2.96 -0.1 1.6 2006121206 UTOR
26.0 1.0 -13.2 3.1 -0.3 1.8 2006121212 UTOR
27.0 1.0 -13.38 3.2 -0.3 1.8 2006121218 UTOR
28.0 1.0 -13.46 3.28 -0.1 1.6 2006121300 UTOR
29.0 1.0 -13.52 3.34 0.2 1.2 2006121306 UTOR
30.0 1.0 -13.54 3.42 0.3 1.0 2006121312 UTOR
31.0 1.0 -13.56 3.5 0.5 0.6 2006121318 UTOR
32.0 1.0 -13.5 3.54 0.76 0.0 2006121400 UTOR
33.0 1.0 -13.42 3.58 0.92 -1.0 2006121406 UTOR
34.0 1.0 -13.36 3.56 0.96 -1.12 2006121412 UTOR
35.0 1.0 -13.32 3.52 1.0 -1.2 2006121418 UTOR
36.0 1.0 -13.34 3.46 1.04 -1.2 2006121500 UTOR
37.0 1.0 -13.4 3.4 1.0 -1.0 2006121506 UTOR
