0.0 1.0 -6.04 1.22 null null 2006112412 DURIAN
1.0 1.0 -6.24 1.28 null null 2006112418 DURIAN
2.0 1.0 -6.42 1.42 null null 2006112500 DURIAN
3.0 1.0 -6.58 1.68 0.88 -1.0 2006112506 DURIAN
4.0 1.0 -6.78 1.8 0.88 -1.0 2006112512 DURIAN
5.0 1.0 -6.94 1.88 0.88 -1.0 2006112518 DURIAN
6.0 1.0 -7.18 1.96 0.84 -1.0 2006112600 DURIAN
7.0 1.0 -7.44 2.0 0.84 -0.88 2006112606 DURIAN
8.0 1.0 -7.66 2.04 0.8 -0.2 2006112612 DURIAN
9.0 1.0 -7.88 2.06 0.8 -0.2 2006112618 DURIAN
10.0 1.0 -8.06 2.06 0.8 0.0 2006112700 DURIAN
11.0 1.0 -8.26 2.1 0.76 0.0 2006112706 DURIAN
12.0 1.0 -8.46 2.14 0.68 0.2 2006112712 DURIAN
13.0 1.0 -8.74 2.16 0.6 0.4 2006112718 DURIAN
14.0 1.0 -9.08 2.26 0.5 0.4 2006112800 DURIAN
15.0 1.0 -9.38 2.36 0.4 0.6 2006112806 DURIAN
16.0 1.0 -9.68 2.44 0.3 0.8 2006112812 DURIAN
17.0 1.0 -9.98 2.52 0.1 1.2 2006112818 DURIAN
18.0 1.0 -10.28 2.58 -0.2 1.6 2006112900 DURIAN
19.0 1.0 -10.54 2.64 -0.7 2.4 2006112906 DURIAN
20.0 1.0 -10.72 2.66 -0.9 2.6 2006112912 DURIAN
21.0 1.0 -10.92 2.68 -0.7 2.4 2006112918 DURIAN
22.0 1.0 -11.08 2.68 -0.4 2.0 2006113000 DURIAN
23.0 1.0 -11.28 2.68 -0.4 2.0 2006113006 DURIAN
24.0 1.0 -11.52 2.7 -0.2 1.6 2006113012 DURIAN
25.0 1.0 -11.76 2.7 0.0 1.4 2006113018 DURIAN
26.0 1.0 -11.98 2.72 0.0 1.4 2006120100 DURIAN
27.0 1.0 -12.14 2.72 0.1 1.2 2006120106 DURIAN
28.0 1.0 -12.28 2.72 0.1 1.2 2006120112 DURIAN
29.0 1.0 -12.44 2.7 0.1 1.2 2006120118 DURIAN
30.0 1.0 -12.6 2.72 0.1 1.2 2006120200 DURIAN
31.0 1.0 -12.72 2.74 0.1 1.2 2006120206 DURIAN
32.0 1.0 -12.88 2.78 0.1 1.2 2006120212 DURIAN
33.0 1.0 -13.06 2.78 0.0 1.4 2006120218 DURIAN
34.0 1.0 -13.2 2.76 -0.1 1.4 2006120300 DURIAN
35.0 1.0 -13.34 2.74 -0.1 1.4 2006120306 DURIAN
36.0 1.0 -13.44 2.7 -0.1 1.4 2006120312 DURIAN
37.0 1.0 -13.58 2.62 0.0 1.4 2006120318 DURIAN
38.0 1.0 -13.74 2.52 0.2 1.0 2006120400 DURIAN
39.0 1.0 -13.92 2.34 0.4 0.8 2006120406 DURIAN
40.0 1.0 -14.08 2.2 0.4 0.8 2006120412 DURIAN
41.0 1.0 -14.32 2.08 0.4 0.8 2006120418 DURIAN
42.0 1.0 -14.6 2.0 0.6 0.2 2006120500 DURIAN
43.0 1.0 -14.88 1.84 0.88 -1.0 2006120506 DURIAN
44.0 1.0 -15.28 1.74 0.92 null 2006120512 DURIAN
45.0 1.0 -15.58 1.78 0.96 null 2006120518 DURIAN
46.0 1.0 -15.86 1.82 null null 2006120600 DURIAN
47.0 1.0 -16.1 1.9 null null 2006120606 DURIAN
48.0 1.0 -16.36 1.98 null null 2006120612 DURIAN
49.0 1.0 -16.58 2.04 null null 2006120618 DURIAN
50.0 1.0 -16.86 2.08 0.84 -1.0 2006120700 DURIAN
51.0 1.0 -17.1 2.14 0.84 -1.0 2006120706 DURIAN
52.0 1.0 -17.32 2.14 0.8 -1.0 2006120712 DURIAN
53.0 1.0 -17.56 2.14 0.72 -0.88 2006120718 DURIAN
54.0 1.0 -17.76 2.14 0.68 -0.88 2006120800 DURIAN
55.0 1.0 -18.04 2.16 0.6 -0.68 2006120806 DURIAN
56.0 1.0 -18.26 2.18 0.5 -0.48 2006120812 DURIAN
57.0 1.0 -18.54 2.22 0.4 -0.4 2006120818 DURIAN
58.0 1.0 -18.8 2.24 0.4 -0.4 2006120900 DURIAN
59.0 1.0 -19.1 2.28 0.4 -0.4 2006120906 DURIAN
60.0 1.0 -19.34 2.3 0.3 -0.28 2006120912 DURIAN
61.0 1.0 -19.64 2.34 0.2 -0.2 2006120918 DURIAN
