0.0 1.0 -12.0 4.08 0.8 -1.0 2006091000 UNNAMED_N20120
1.0 1.0 -12.12 4.06 0.88 -1.2 2006091006 UNNAMED_N20120
2.0 1.0 -12.26 4.04 0.84 -1.12 2006091012 UNNAMED_N20120
3.0 1.0 -12.4 4.04 0.84 -1.0 2006091018 UNNAMED_N20120
4.0 1.0 -12.54 4.02 0.84 -1.0 2006091100 UNNAMED_N20120
5.0 1.0 -12.72 3.96 0.84 -1.0 2006091106 UNNAMED_N20120
6.0 1.0 -12.86 3.94 0.84 -1.0 2006091112 UNNAMED_N20120
7.0 1.0 -13.0 3.9 0.84 -1.0 2006091118 UNNAMED_N20120
8.0 1.0 -12.9 3.62 0.84 -1.0 2006091200 UNNAMED_N20120
9.0 1.0 -12.92 3.9 0.8 -1.0 2006091206 UNNAMED_N20120
10.0 1.0 -13.1 4.08 0.8 -1.0 2006091212 UNNAMED_N20120
11.0 1.0 -13.32 4.14 0.8 -1.0 2006091218 UNNAMED_N20120
12.0 1.0 -13.52 4.2 0.8 -1.0 2006091300 UNNAMED_N20120
13.0 1.0 -13.64 4.26 0.84 -1.12 2006091306 UNNAMED_N20120
14.0 1.0 -13.74 4.34 0.84 -1.12 2006091312 UNNAMED_N20120
