0.0 1.0 -7.46 3.18 null null 2006110706 CHEBI
1.0 1.0 -7.78 3.16 null null 2006110712 CHEBI
2.0 1.0 -8.1 3.14 null null 2006110718 CHEBI
3.0 1.0 -8.4 3.08 null null 2006110800 CHEBI
4.0 1.0 -8.68 3.1 0.96 -1.0 2006110806 CHEBI
5.0 1.0 -8.92 3.1 0.96 -1.0 2006110812 CHEBI
6.0 1.0 -9.16 3.12 0.96 -1.0 2006110818 CHEBI
7.0 1.0 -9.46 3.14 0.96 -1.0 2006110900 CHEBI
8.0 1.0 -9.74 3.16 0.92 -1.0 2006110906 CHEBI
9.0 1.0 -9.98 3.18 0.8 -0.2 2006110912 CHEBI
10.0 1.0 -10.28 3.2 0.68 0.2 2006110918 CHEBI
11.0 1.0 -10.56 3.22 0.5 0.6 2006111000 CHEBI
12.0 1.0 -10.88 3.24 -0.3 2.0 2006111006 CHEBI
13.0 1.0 -11.14 3.24 -0.7 2.4 2006111012 CHEBI
14.0 1.0 -11.44 3.26 -0.6 2.2 2006111018 CHEBI
15.0 1.0 -11.66 3.2 -0.4 2.0 2006111100 CHEBI
16.0 1.0 -11.92 3.2 0.0 1.6 2006111106 CHEBI
17.0 1.0 -12.12 3.12 0.0 1.6 2006111112 CHEBI
18.0 1.0 -12.3 3.08 0.3 1.0 2006111118 CHEBI
19.0 1.0 -12.48 3.02 0.3 1.0 2006111200 CHEBI
20.0 1.0 -12.68 3.0 0.5 0.6 2006111206 CHEBI
21.0 1.0 -12.92 3.02 0.5 0.6 2006111212 CHEBI
22.0 1.0 -13.14 3.04 0.6 0.4 2006111218 CHEBI
23.0 1.0 -13.28 3.1 0.6 0.0 2006111300 CHEBI
24.0 1.0 -13.38 3.18 0.8 -0.2 2006111306 CHEBI
25.0 1.0 -13.52 3.26 0.92 -0.8 2006111312 CHEBI
26.0 1.0 -13.62 3.34 0.96 -0.88 2006111318 CHEBI
27.0 1.0 -13.7 3.46 1.0 -1.0 2006111400 CHEBI
28.0 1.0 -13.76 3.48 1.0 -1.12 2006111406 CHEBI
29.0 1.0 -13.8 3.44 1.0 -1.12 2006111412 CHEBI
30.0 1.0 -13.9 3.36 1.04 -1.12 2006111418 CHEBI
31.0 1.0 -14.06 3.3 null null 2006111500 CHEBI
