0.0 1.0 -10.0 2.5 0.76 -1.2 2006072800 PRAPIROON
1.0 1.0 -10.12 2.6 0.88 -1.12 2006072806 PRAPIROON
2.0 1.0 -10.2 2.66 0.88 -1.12 2006072812 PRAPIROON
3.0 1.0 -10.26 2.68 0.88 -1.12 2006072818 PRAPIROON
4.0 1.0 -10.3 2.72 0.88 -1.12 2006072900 PRAPIROON
5.0 1.0 -10.34 2.76 0.88 -1.12 2006072906 PRAPIROON
6.0 1.0 -10.44 2.78 0.88 -1.12 2006072912 PRAPIROON
7.0 1.0 -10.52 2.82 0.88 -1.12 2006072918 PRAPIROON
8.0 1.0 -10.64 2.84 0.88 -1.12 2006073000 PRAPIROON
9.0 1.0 -10.78 2.86 0.88 -1.12 2006073006 PRAPIROON
10.0 1.0 -10.96 2.92 0.88 -1.12 2006073012 PRAPIROON
11.0 1.0 -11.16 3.0 0.88 -1.12 2006073018 PRAPIROON
12.0 1.0 -11.34 3.1 0.88 -1.0 2006073100 PRAPIROON
13.0 1.0 -11.54 3.24 0.84 -1.0 2006073106 PRAPIROON
14.0 1.0 -11.74 3.32 0.84 -1.0 2006073112 PRAPIROON
15.0 1.0 -12.04 3.34 0.84 -1.0 2006073118 PRAPIROON
16.0 1.0 -12.28 3.38 0.8 -1.0 2006080100 PRAPIROON
17.0 1.0 -12.46 3.44 0.76 -0.2 2006080106 PRAPIROON
18.0 1.0 -12.66 3.52 0.68 0.0 2006080112 PRAPIROON
19.0 1.0 -12.82 3.54 0.5 0.4 2006080118 PRAPIROON
20.0 1.0 -12.94 3.62 0.4 0.6 2006080200 PRAPIROON
21.0 1.0 -13.06 3.76 0.3 0.8 2006080206 PRAPIROON
22.0 1.0 -13.26 3.84 0.2 1.0 2006080212 PRAPIROON
23.0 1.0 -13.36 3.88 0.2 1.0 2006080218 PRAPIROON
24.0 1.0 -13.46 4.04 0.2 1.0 2006080300 PRAPIROON
25.0 1.0 -13.56 4.18 0.2 1.0 2006080306 PRAPIROON
26.0 1.0 -13.7 4.3 0.3 0.8 2006080312 PRAPIROON
27.0 1.0 -13.94 4.36 0.4 0.8 2006080318 PRAPIROON
28.0 1.0 -14.1 4.46 0.5 0.4 2006080400 PRAPIROON
29.0 1.0 -14.22 4.58 0.6 0.2 2006080406 PRAPIROON
30.0 1.0 -14.36 4.68 0.68 0.0 2006080412 PRAPIROON
31.0 1.0 -14.48 4.78 0.72 -0.2 2006080418 PRAPIROON
32.0 1.0 -14.6 4.8 0.76 -1.0 2006080500 PRAPIROON
33.0 1.0 -14.68 4.78 0.84 -1.0 2006080506 PRAPIROON
