0.0 1.0 -14.28 3.58 0.0 0.4 2006082200 UNNAMED_N18109
1.0 1.0 -14.12 3.52 0.0 0.4 2006082206 UNNAMED_N18109
2.0 1.0 -13.98 3.46 0.0 0.4 2006082212 UNNAMED_N18109
3.0 1.0 -13.86 3.44 0.3 0.08 2006082218 UNNAMED_N18109
4.0 1.0 -13.74 3.46 0.3 0.08 2006082300 UNNAMED_N18109
5.0 1.0 -13.66 3.56 0.3 0.08 2006082306 UNNAMED_N18109
6.0 1.0 -13.64 3.7 0.3 0.08 2006082312 UNNAMED_N18109
7.0 1.0 -13.6 3.8 0.3 0.08 2006082318 UNNAMED_N18109
8.0 1.0 -13.54 3.9 0.3 0.08 2006082400 UNNAMED_N18109
9.0 1.0 -13.4 4.06 0.2 0.2 2006082406 UNNAMED_N18109
10.0 1.0 -13.42 4.2 0.0 0.4 2006082412 UNNAMED_N18109
11.0 1.0 -13.48 4.3 -0.1 0.48 2006082418 UNNAMED_N18109
12.0 1.0 -13.58 4.4 -0.1 0.48 2006082500 UNNAMED_N18109
13.0 1.0 -13.68 4.5 -0.2 0.6 2006082506 UNNAMED_N18109
