0.0 1.0 -10.18 2.36 0.96 -1.12 2006092500 XANGSANE
1.0 1.0 -10.26 2.36 0.92 -1.0 2006092506 XANGSANE
2.0 1.0 -10.34 2.34 0.88 -1.0 2006092512 XANGSANE
3.0 1.0 -10.4 2.36 0.84 -1.0 2006092518 XANGSANE
4.0 1.0 -10.48 2.36 0.8 -0.2 2006092600 XANGSANE
5.0 1.0 -10.56 2.4 0.5 0.4 2006092606 XANGSANE
6.0 1.0 -10.64 2.44 0.3 0.8 2006092612 XANGSANE
7.0 1.0 -10.76 2.46 0.2 1.0 2006092618 XANGSANE
8.0 1.0 -10.9 2.5 0.0 1.4 2006092700 XANGSANE
9.0 1.0 -11.08 2.58 -0.4 1.8 2006092706 XANGSANE
10.0 1.0 -11.26 2.64 -0.2 1.4 2006092712 XANGSANE
11.0 1.0 -11.46 2.72 0.0 1.2 2006092718 XANGSANE
12.0 1.0 -11.66 2.8 0.2 1.0 2006092800 XANGSANE
13.0 1.0 -11.92 2.94 0.3 0.8 2006092806 XANGSANE
14.0 1.0 -12.12 3.04 0.3 0.8 2006092812 XANGSANE
15.0 1.0 -12.4 3.06 0.1 1.0 2006092818 XANGSANE
16.0 1.0 -12.64 3.06 0.0 1.2 2006092900 XANGSANE
17.0 1.0 -12.86 3.1 0.0 1.4 2006092906 XANGSANE
18.0 1.0 -13.12 3.14 -0.1 1.4 2006092912 XANGSANE
19.0 1.0 -13.34 3.12 -0.2 1.6 2006092918 XANGSANE
20.0 1.0 -13.5 3.12 -0.2 1.6 2006093000 XANGSANE
21.0 1.0 -13.68 3.14 -0.2 1.6 2006093006 XANGSANE
22.0 1.0 -13.88 3.2 0.0 1.4 2006093012 XANGSANE
23.0 1.0 -14.06 3.2 0.1 1.4 2006093018 XANGSANE
24.0 1.0 -14.28 3.22 0.1 1.2 2006100100 XANGSANE
25.0 1.0 -14.52 3.14 0.2 1.0 2006100106 XANGSANE
26.0 1.0 -14.72 3.1 0.4 0.6 2006100112 XANGSANE
27.0 1.0 -14.92 3.1 0.72 0.0 2006100118 XANGSANE
28.0 1.0 -15.14 3.12 0.8 -1.0 2006100200 XANGSANE
29.0 1.0 -15.18 3.14 0.8 -1.0 2006100206 XANGSANE
30.0 1.0 -15.24 3.16 0.84 -1.0 2006100212 XANGSANE
