0.0 1.0 -11.0 3.46 0.8 -1.0 2007092818 LEKIMA
1.0 1.0 -11.56 3.3 0.8 -1.0 2007092900 LEKIMA
2.0 1.0 -11.98 3.28 0.76 -1.0 2007092906 LEKIMA
3.0 1.0 -12.24 3.2 0.76 -1.0 2007092912 LEKIMA
4.0 1.0 -12.52 3.1 0.72 -1.0 2007092918 LEKIMA
5.0 1.0 -12.8 3.02 0.68 -0.2 2007093000 LEKIMA
6.0 1.0 -13.04 2.94 0.64 0.0 2007093006 LEKIMA
7.0 1.0 -13.2 2.9 0.64 0.0 2007093012 LEKIMA
8.0 1.0 -13.3 2.96 0.6 0.2 2007093018 LEKIMA
9.0 1.0 -13.36 3.02 0.5 0.4 2007100100 LEKIMA
10.0 1.0 -13.42 3.12 0.4 0.6 2007100106 LEKIMA
11.0 1.0 -13.48 3.2 0.4 0.6 2007100112 LEKIMA
12.0 1.0 -13.56 3.28 0.4 0.6 2007100118 LEKIMA
13.0 1.0 -13.66 3.4 0.3 0.8 2007100200 LEKIMA
14.0 1.0 -13.84 3.48 0.3 0.8 2007100206 LEKIMA
15.0 1.0 -14.0 3.54 0.4 0.6 2007100212 LEKIMA
16.0 1.0 -14.2 3.56 0.4 0.6 2007100218 LEKIMA
17.0 1.0 -14.36 3.56 0.4 0.6 2007100300 LEKIMA
18.0 1.0 -14.52 3.54 0.4 0.6 2007100306 LEKIMA
19.0 1.0 -14.7 3.58 0.4 0.6 2007100312 LEKIMA
20.0 1.0 -14.96 3.58 0.64 0.0 2007100318 LEKIMA
21.0 1.0 -15.22 3.56 0.72 -0.2 2007100400 LEKIMA
22.0 1.0 -15.48 3.52 0.8 -1.0 2007100406 LEKIMA
23.0 1.0 -15.66 3.48 0.8 -1.0 2007100412 LEKIMA
24.0 1.0 -15.84 3.5 0.84 -1.0 2007100418 LEKIMA
