0.0 1.0 -13.62 3.14 0.84 -1.0 2007070300 TORAJI
1.0 1.0 -13.72 3.32 0.84 -1.0 2007070306 TORAJI
2.0 1.0 -13.82 3.48 0.8 -1.0 2007070312 TORAJI
3.0 1.0 -13.86 3.56 0.76 -1.0 2007070318 TORAJI
4.0 1.0 -13.92 3.64 0.76 -1.0 2007070400 TORAJI
5.0 1.0 -13.98 3.72 0.72 -0.2 2007070406 TORAJI
6.0 1.0 -14.06 3.82 0.72 -0.2 2007070412 TORAJI
7.0 1.0 -14.16 3.9 0.68 -0.2 2007070418 TORAJI
8.0 1.0 -14.26 4.04 0.68 -0.2 2007070500 TORAJI
9.0 1.0 -14.34 4.22 0.68 -0.2 2007070506 TORAJI
10.0 1.0 -14.48 4.32 0.68 -0.2 2007070512 TORAJI
11.0 1.0 -14.68 4.42 0.72 -1.0 2007070518 TORAJI
12.0 1.0 -14.94 4.52 0.8 -1.12 2007070600 TORAJI
