0.0 1.0 -9.48 3.6 0.92 -1.12 2007110118 PEIPAH
1.0 1.0 -9.54 3.62 0.92 -1.12 2007110200 PEIPAH
2.0 1.0 -9.62 3.64 0.88 -1.12 2007110206 PEIPAH
3.0 1.0 -9.8 3.68 0.88 -1.12 2007110212 PEIPAH
4.0 1.0 -9.98 3.7 0.88 -1.0 2007110218 PEIPAH
5.0 1.0 -10.16 3.66 0.88 -1.0 2007110300 PEIPAH
6.0 1.0 -10.32 3.62 0.84 -1.0 2007110306 PEIPAH
7.0 1.0 -10.54 3.58 0.8 -0.2 2007110312 PEIPAH
8.0 1.0 -10.8 3.5 0.68 0.2 2007110318 PEIPAH
9.0 1.0 -11.02 3.42 0.64 0.4 2007110400 PEIPAH
10.0 1.0 -11.28 3.36 0.5 0.6 2007110406 PEIPAH
11.0 1.0 -11.5 3.36 0.4 0.8 2007110412 PEIPAH
12.0 1.0 -11.8 3.44 0.5 0.6 2007110418 PEIPAH
13.0 1.0 -12.02 3.52 0.6 0.4 2007110500 PEIPAH
14.0 1.0 -12.14 3.54 0.64 0.2 2007110506 PEIPAH
15.0 1.0 -12.18 3.56 0.6 0.4 2007110512 PEIPAH
16.0 1.0 -12.24 3.62 0.5 0.6 2007110518 PEIPAH
17.0 1.0 -12.28 3.68 0.4 0.8 2007110600 PEIPAH
18.0 1.0 -12.32 3.72 0.3 1.0 2007110606 PEIPAH
19.0 1.0 -12.36 3.74 0.2 1.2 2007110612 PEIPAH
20.0 1.0 -12.44 3.7 0.2 1.2 2007110618 PEIPAH
21.0 1.0 -12.54 3.68 0.3 1.0 2007110700 PEIPAH
22.0 1.0 -12.68 3.64 0.4 0.8 2007110706 PEIPAH
23.0 1.0 -12.86 3.54 0.6 0.4 2007110712 PEIPAH
24.0 1.0 -13.04 3.44 0.6 0.2 2007110718 PEIPAH
25.0 1.0 -13.16 3.36 0.64 0.0 2007110800 PEIPAH
26.0 1.0 -13.28 3.28 0.68 -0.2 2007110806 PEIPAH
27.0 1.0 -13.42 3.18 0.76 -0.2 2007110812 PEIPAH
28.0 1.0 -13.54 3.06 0.84 -0.88 2007110818 PEIPAH
29.0 1.0 -13.64 2.84 0.88 -1.0 2007110900 PEIPAH
30.0 1.0 -13.74 2.6 0.88 -1.0 2007110906 PEIPAH
31.0 1.0 -13.84 2.44 0.88 -1.0 2007110912 PEIPAH
32.0 1.0 -13.96 2.34 0.88 -1.12 2007110918 PEIPAH
33.0 1.0 -14.14 2.26 0.92 -1.12 2007111000 PEIPAH
34.0 1.0 -14.4 2.22 0.92 -1.12 2007111006 PEIPAH
35.0 1.0 -14.56 2.2 0.92 -1.2 2007111012 PEIPAH
