0.0 1.0 -10.08 2.98 0.84 -1.0 2007080612 WUTIP
1.0 1.0 -10.26 3.04 0.84 -1.0 2007080618 WUTIP
2.0 1.0 -10.38 3.18 0.76 -1.0 2007080700 WUTIP
3.0 1.0 -10.48 3.4 0.76 -1.0 2007080706 WUTIP
4.0 1.0 -10.52 3.6 0.72 -1.0 2007080712 WUTIP
5.0 1.0 -10.7 3.84 0.68 -1.0 2007080718 WUTIP
6.0 1.0 -10.94 4.06 0.64 -0.2 2007080800 WUTIP
7.0 1.0 -11.2 4.26 0.6 -0.2 2007080806 WUTIP
8.0 1.0 -11.4 4.44 0.64 -0.2 2007080812 WUTIP
9.0 1.0 -11.54 4.54 0.68 -0.2 2007080818 WUTIP
10.0 1.0 -11.68 4.64 0.6 -0.8 2007080900 WUTIP
11.0 1.0 -12.12 4.72 0.76 -1.0 2007080906 WUTIP
