0.0 1.0 -8.78 3.72 0.64 -1.12 2007081100 SEPAT
1.0 1.0 -8.84 3.66 0.64 -1.12 2007081106 SEPAT
2.0 1.0 -8.88 3.6 0.64 -1.2 2007081112 SEPAT
3.0 1.0 -8.9 3.56 null null 2007081118 SEPAT
4.0 1.0 -8.88 3.52 0.92 -1.12 2007081200 SEPAT
5.0 1.0 -8.9 3.46 0.88 -1.0 2007081206 SEPAT
6.0 1.0 -8.92 3.42 0.84 -1.0 2007081212 SEPAT
7.0 1.0 -8.98 3.4 0.76 -0.2 2007081218 SEPAT
8.0 1.0 -9.1 3.36 0.64 0.0 2007081300 SEPAT
9.0 1.0 -9.24 3.32 0.5 0.4 2007081306 SEPAT
10.0 1.0 -9.38 3.3 0.4 0.6 2007081312 SEPAT
11.0 1.0 -9.52 3.3 0.3 0.8 2007081318 SEPAT
12.0 1.0 -9.68 3.28 0.1 1.2 2007081400 SEPAT
13.0 1.0 -9.86 3.24 -0.1 1.4 2007081406 SEPAT
14.0 1.0 -10.0 3.16 -0.2 1.6 2007081412 SEPAT
15.0 1.0 -10.16 3.14 -0.3 1.8 2007081418 SEPAT
16.0 1.0 -10.28 3.12 -0.5 2.2 2007081500 SEPAT
17.0 1.0 -10.38 3.16 -0.6 2.2 2007081506 SEPAT
18.0 1.0 -10.46 3.2 -0.8 2.4 2007081512 SEPAT
19.0 1.0 -10.56 3.34 -0.9 2.6 2007081518 SEPAT
20.0 1.0 -10.68 3.44 -1.0 2.8 2007081600 SEPAT
21.0 1.0 -10.78 3.58 -1.0 2.8 2007081606 SEPAT
22.0 1.0 -10.88 3.74 -1.0 2.8 2007081612 SEPAT
23.0 1.0 -11.04 3.88 -1.0 2.8 2007081618 SEPAT
24.0 1.0 -11.16 4.08 -0.8 2.4 2007081700 SEPAT
25.0 1.0 -11.32 4.2 -0.8 2.4 2007081706 SEPAT
26.0 1.0 -11.42 4.36 -0.6 2.2 2007081712 SEPAT
27.0 1.0 -11.6 4.54 -0.4 2.0 2007081718 SEPAT
28.0 1.0 -11.8 4.72 0.2 1.0 2007081800 SEPAT
29.0 1.0 -12.02 4.8 0.4 0.6 2007081806 SEPAT
30.0 1.0 -12.1 4.88 0.4 0.6 2007081812 SEPAT
31.0 1.0 -12.2 4.96 0.5 0.4 2007081818 SEPAT
32.0 1.0 -12.3 5.04 0.6 0.2 2007081900 SEPAT
33.0 1.0 -12.36 5.12 0.64 0.0 2007081906 SEPAT
34.0 1.0 -12.44 5.22 0.72 -0.92 2007081912 SEPAT
35.0 1.0 -12.52 5.38 0.72 -1.0 2007081918 SEPAT
36.0 1.0 -12.64 5.42 0.76 -1.12 2007082000 SEPAT
37.0 1.0 -12.7 5.5 0.76 -1.12 2007082006 SEPAT
38.0 1.0 -12.8 5.54 0.8 -1.2 2007082012 SEPAT
39.0 1.0 -12.94 5.56 0.8 -1.2 2007082018 SEPAT
40.0 1.0 -13.02 5.56 0.8 -1.2 2007082100 SEPAT
41.0 1.0 -13.08 5.54 0.8 -1.2 2007082106 SEPAT
42.0 1.0 -13.14 5.54 0.8 -1.2 2007082112 SEPAT
43.0 1.0 -13.22 5.54 0.8 -1.2 2007082118 SEPAT
44.0 1.0 -13.3 5.54 0.8 -1.2 2007082200 SEPAT
45.0 1.0 -13.38 5.56 0.8 -1.2 2007082206 SEPAT
46.0 1.0 -13.48 5.58 0.84 -1.2 2007082212 SEPAT
47.0 1.0 -13.66 5.62 0.84 -1.2 2007082218 SEPAT
48.0 1.0 -13.92 5.62 0.88 -1.2 2007082300 SEPAT
49.0 1.0 -14.12 5.58 0.84 -1.2 2007082306 SEPAT
50.0 1.0 -14.34 5.48 0.88 -1.2 2007082312 SEPAT
51.0 1.0 -14.56 5.34 0.88 -1.2 2007082318 SEPAT
52.0 1.0 -14.7 5.18 0.92 -1.2 2007082400 SEPAT
53.0 1.0 -14.8 5.0 0.92 -1.2 2007082406 SEPAT
