0.0 1.0 -8.36 3.56 0.7 -0.88 2007080406 PABUK
1.0 1.0 -8.44 3.66 0.7 -0.88 2007080412 PABUK
2.0 1.0 -8.56 3.72 0.92 -1.0 2007080418 PABUK
3.0 1.0 -8.7 3.8 0.88 -1.0 2007080500 PABUK
4.0 1.0 -8.9 3.92 0.8 -0.2 2007080506 PABUK
5.0 1.0 -9.18 4.04 0.72 0.0 2007080512 PABUK
6.0 1.0 -9.38 4.08 0.72 0.0 2007080518 PABUK
7.0 1.0 -9.7 4.16 0.72 0.0 2007080600 PABUK
8.0 1.0 -9.96 4.28 0.64 0.2 2007080606 PABUK
9.0 1.0 -10.28 4.34 0.64 0.2 2007080612 PABUK
10.0 1.0 -10.6 4.36 0.6 0.4 2007080618 PABUK
11.0 1.0 -11.0 4.38 0.4 0.8 2007080700 PABUK
12.0 1.0 -11.34 4.44 0.4 0.8 2007080706 PABUK
13.0 1.0 -11.58 4.4 0.3 1.0 2007080712 PABUK
14.0 1.0 -11.92 4.42 0.4 0.8 2007080718 PABUK
15.0 1.0 -12.26 4.46 0.5 0.6 2007080800 PABUK
16.0 1.0 -12.5 4.46 0.5 0.4 2007080806 PABUK
17.0 1.0 -12.76 4.44 0.6 0.2 2007080812 PABUK
18.0 1.0 -13.02 4.44 0.6 0.0 2007080818 PABUK
19.0 1.0 -13.24 4.4 0.64 -0.2 2007080900 PABUK
20.0 1.0 -13.4 4.32 0.64 -1.0 2007080906 PABUK
21.0 1.0 -13.44 4.24 0.64 -0.88 2007080912 PABUK
22.0 1.0 -13.42 4.28 0.64 -0.88 2007080918 PABUK
23.0 1.0 -13.36 4.34 0.64 -0.88 2007081000 PABUK
24.0 1.0 -13.22 4.46 0.6 -0.8 2007081006 PABUK
25.0 1.0 -13.3 4.48 0.64 -1.0 2007081012 PABUK
26.0 1.0 -13.36 4.5 0.6 -1.0 2007081018 PABUK
27.0 1.0 -13.26 4.54 0.64 -1.12 2007081100 PABUK
28.0 1.0 -13.18 4.6 0.64 -1.12 2007081106 PABUK
29.0 1.0 -13.0 4.66 0.64 -1.2 2007081112 PABUK
30.0 1.0 -12.82 4.9 0.68 null 2007081118 PABUK
31.0 1.0 -12.6 5.06 0.68 -1.12 2007081200 PABUK
32.0 1.0 -12.24 5.18 0.68 -1.0 2007081206 PABUK
33.0 1.0 -11.74 5.6 0.68 -1.0 2007081212 PABUK
34.0 1.0 -11.46 5.96 0.68 -0.88 2007081218 PABUK
35.0 1.0 -11.34 6.14 0.68 -0.8 2007081300 PABUK
36.0 1.0 -11.26 6.34 0.68 -0.6 2007081306 PABUK
37.0 1.0 -11.04 6.56 0.72 -0.48 2007081312 PABUK
38.0 1.0 -10.88 6.86 0.72 -0.4 2007081318 PABUK
39.0 1.0 -10.82 7.14 0.76 -0.2 2007081400 PABUK
40.0 1.0 -10.82 7.52 0.8 0.0 2007081406 PABUK
41.0 1.0 -10.72 7.96 0.84 0.0 2007081412 PABUK
42.0 1.0 -10.24 8.18 0.88 0.2 2007081418 PABUK
43.0 1.0 -9.62 8.58 0.92 0.4 2007081500 PABUK
44.0 1.0 -9.28 8.88 0.92 0.4 2007081506 PABUK
