0.0 1.0 -12.96 2.42 0.84 -1.0 2007073118 UNNAMED_N12115
1.0 1.0 -12.98 2.42 0.84 -1.0 2007080100 UNNAMED_N12115
2.0 1.0 -13.02 2.44 0.84 -1.0 2007080106 UNNAMED_N12115
3.0 1.0 -13.14 2.48 0.8 -1.0 2007080112 UNNAMED_N12115
4.0 1.0 -13.26 2.52 0.8 -1.0 2007080118 UNNAMED_N12115
5.0 1.0 -13.34 2.52 0.8 -1.0 2007080200 UNNAMED_N12115
6.0 1.0 -13.38 2.5 0.8 -1.0 2007080206 UNNAMED_N12115
7.0 1.0 -13.42 2.5 0.8 -1.0 2007080212 UNNAMED_N12115
8.0 1.0 -13.4 2.56 0.8 -1.0 2007080218 UNNAMED_N12115
9.0 1.0 -13.4 2.66 0.8 -1.0 2007080300 UNNAMED_N12115
10.0 1.0 -13.44 2.72 0.8 -1.0 2007080306 UNNAMED_N12115
11.0 1.0 -13.46 2.74 0.8 -1.0 2007080312 UNNAMED_N12115
12.0 1.0 -13.5 2.78 0.7 -0.88 2007080318 UNNAMED_N12115
13.0 1.0 -13.62 2.78 0.7 -0.88 2007080400 UNNAMED_N12115
14.0 1.0 -13.82 2.8 0.7 -0.88 2007080406 UNNAMED_N12115
15.0 1.0 -13.98 2.84 0.7 -0.88 2007080412 UNNAMED_N12115
16.0 1.0 -14.04 2.84 0.84 -1.0 2007080418 UNNAMED_N12115
17.0 1.0 -14.06 2.86 0.8 -1.0 2007080500 UNNAMED_N12115
18.0 1.0 -14.08 2.9 0.7 -0.88 2007080506 UNNAMED_N12115
19.0 1.0 -14.08 2.98 0.7 -0.8 2007080512 UNNAMED_N12115
20.0 1.0 -14.08 3.1 0.7 -0.8 2007080518 UNNAMED_N12115
21.0 1.0 -14.14 3.28 0.7 -0.8 2007080600 UNNAMED_N12115
22.0 1.0 -14.24 3.44 0.7 -0.68 2007080606 UNNAMED_N12115
23.0 1.0 -14.3 3.5 0.84 -1.0 2007080612 UNNAMED_N12115
24.0 1.0 -14.4 3.58 0.84 -1.0 2007080618 UNNAMED_N12115
25.0 1.0 -14.52 3.64 0.8 -1.0 2007080700 UNNAMED_N12115
26.0 1.0 -14.66 3.66 0.8 -1.0 2007080706 UNNAMED_N12115
27.0 1.0 -14.7 3.7 0.76 -1.0 2007080712 UNNAMED_N12115
28.0 1.0 -14.68 3.76 0.76 -1.0 2007080718 UNNAMED_N12115
