0.0 1.0 -6.64 2.64 0.7 -0.8 2008081600 NURI
1.0 1.0 -6.96 2.64 0.6 -0.68 2008081606 NURI
2.0 1.0 -7.3 2.72 0.6 -0.68 2008081612 NURI
3.0 1.0 -7.62 2.84 0.6 -0.68 2008081618 NURI
4.0 1.0 -7.96 2.96 0.6 -0.68 2008081700 NURI
5.0 1.0 -8.3 3.18 0.92 -1.0 2008081706 NURI
6.0 1.0 -8.66 3.18 0.88 -1.0 2008081712 NURI
7.0 1.0 -8.98 3.16 0.8 -0.2 2008081718 NURI
8.0 1.0 -9.32 3.18 0.72 -0.2 2008081800 NURI
9.0 1.0 -9.68 3.22 0.6 0.2 2008081806 NURI
10.0 1.0 -9.98 3.26 0.4 0.6 2008081812 NURI
11.0 1.0 -10.3 3.34 0.2 1.0 2008081818 NURI
12.0 1.0 -10.62 3.42 0.0 1.2 2008081900 NURI
13.0 1.0 -10.9 3.52 -0.1 1.4 2008081906 NURI
14.0 1.0 -11.14 3.62 -0.1 1.4 2008081912 NURI
15.0 1.0 -11.4 3.7 -0.1 1.4 2008081918 NURI
16.0 1.0 -11.6 3.74 -0.1 1.4 2008082000 NURI
17.0 1.0 -11.78 3.78 -0.1 1.4 2008082006 NURI
18.0 1.0 -11.9 3.92 -0.1 1.4 2008082012 NURI
19.0 1.0 -12.18 3.98 -0.1 1.4 2008082018 NURI
20.0 1.0 -12.38 4.02 0.0 1.2 2008082100 NURI
21.0 1.0 -12.56 4.06 0.0 1.2 2008082106 NURI
22.0 1.0 -12.68 4.12 0.1 1.0 2008082112 NURI
23.0 1.0 -12.82 4.2 0.2 0.8 2008082118 NURI
24.0 1.0 -12.96 4.3 0.3 0.6 2008082200 NURI
25.0 1.0 -13.1 4.42 0.4 0.4 2008082206 NURI
26.0 1.0 -13.18 4.5 0.6 0.2 2008082212 NURI
27.0 1.0 -13.36 4.56 0.72 0.0 2008082218 NURI
28.0 1.0 -13.46 4.62 0.8 -1.08 2008082300 NURI
29.0 1.0 -13.54 4.66 0.84 -1.12 2008082306 NURI
