0.0 1.0 -11.44 2.44 null null 2008011206 UNNAMED_N12123
1.0 1.0 -11.74 2.48 null null 2008011212 UNNAMED_N12123
2.0 1.0 -12.0 2.46 null null 2008011218 UNNAMED_N12123
3.0 1.0 -12.24 2.42 null null 2008011300 UNNAMED_N12123
4.0 1.0 -12.38 2.6 0.84 -1.08 2008011306 UNNAMED_N12123
5.0 1.0 -12.58 2.68 0.8 -1.0 2008011312 UNNAMED_N12123
6.0 1.0 -12.8 2.66 0.8 -1.0 2008011318 UNNAMED_N12123
7.0 1.0 -13.02 2.56 0.8 -1.0 2008011400 UNNAMED_N12123
8.0 1.0 -13.26 2.48 0.8 -1.0 2008011406 UNNAMED_N12123
9.0 1.0 -13.44 2.36 0.8 -1.0 2008011412 UNNAMED_N12123
10.0 1.0 -13.58 2.14 0.8 -1.0 2008011418 UNNAMED_N12123
11.0 1.0 -13.66 1.92 0.84 -1.08 2008011500 UNNAMED_N12123
12.0 1.0 -13.74 1.8 0.84 -1.08 2008011506 UNNAMED_N12123
13.0 1.0 -13.82 1.64 0.84 -1.08 2008011512 UNNAMED_N12123
14.0 1.0 -13.94 1.56 0.84 -1.08 2008011518 UNNAMED_N12123
15.0 1.0 -14.06 1.5 0.84 -1.08 2008011600 UNNAMED_N12123
16.0 1.0 -14.22 1.4 0.88 -1.2 2008011606 UNNAMED_N12123
17.0 1.0 -14.36 1.28 0.88 -1.2 2008011612 UNNAMED_N12123
18.0 1.0 -14.5 1.16 null null 2008011618 UNNAMED_N12123
19.0 1.0 -14.66 1.04 null null 2008011700 UNNAMED_N12123
20.0 1.0 -14.86 0.96 null null 2008011706 UNNAMED_N12123
21.0 1.0 -14.96 0.78 null null 2008011712 UNNAMED_N12123
22.0 1.0 -15.04 0.62 null null 2008011718 UNNAMED_N12123
