0.0 1.0 -10.44 1.68 0.96 -1.08 2008110512 MAYSAK
1.0 1.0 -10.78 1.86 0.92 -1.08 2008110518 MAYSAK
2.0 1.0 -11.08 1.96 0.92 -1.08 2008110600 MAYSAK
3.0 1.0 -11.44 2.14 0.92 -1.08 2008110606 MAYSAK
4.0 1.0 -11.68 2.32 0.92 -1.08 2008110612 MAYSAK
5.0 1.0 -11.98 2.48 0.92 -1.08 2008110618 MAYSAK
6.0 1.0 -12.28 2.6 0.88 -1.0 2008110700 MAYSAK
7.0 1.0 -12.58 2.72 0.84 -0.2 2008110706 MAYSAK
8.0 1.0 -12.78 2.86 0.8 -0.2 2008110712 MAYSAK
9.0 1.0 -12.92 2.96 0.76 0.0 2008110718 MAYSAK
10.0 1.0 -12.98 3.06 0.6 0.2 2008110800 MAYSAK
11.0 1.0 -13.0 3.18 0.6 0.2 2008110806 MAYSAK
12.0 1.0 -13.0 3.36 0.5 0.4 2008110812 MAYSAK
13.0 1.0 -12.94 3.5 0.5 0.4 2008110818 MAYSAK
14.0 1.0 -12.86 3.58 0.5 0.4 2008110900 MAYSAK
15.0 1.0 -12.8 3.56 0.6 0.2 2008110906 MAYSAK
16.0 1.0 -12.74 3.42 0.76 -0.88 2008110912 MAYSAK
17.0 1.0 -12.72 3.3 0.8 -0.88 2008110918 MAYSAK
18.0 1.0 -12.66 3.18 0.8 -0.96 2008111000 MAYSAK
19.0 1.0 -12.64 2.98 0.8 -0.96 2008111006 MAYSAK
20.0 1.0 -12.6 2.8 0.84 -0.96 2008111012 MAYSAK
21.0 1.0 -12.7 2.66 0.88 -1.0 2008111018 MAYSAK
22.0 1.0 -12.8 2.56 0.92 -1.0 2008111100 MAYSAK
23.0 1.0 -12.82 2.5 0.92 -1.0 2008111106 MAYSAK
24.0 1.0 -12.82 2.38 0.92 -1.0 2008111112 MAYSAK
25.0 1.0 -12.8 2.32 0.92 -1.0 2008111118 MAYSAK
26.0 1.0 -12.76 2.3 0.92 -1.0 2008111200 MAYSAK
27.0 1.0 -12.82 2.3 0.92 -1.0 2008111206 MAYSAK
28.0 1.0 -12.88 2.26 0.92 -1.0 2008111212 MAYSAK
29.0 1.0 -13.1 2.26 0.92 -1.0 2008111218 MAYSAK
30.0 1.0 -13.28 2.34 0.92 -1.0 2008111300 MAYSAK
31.0 1.0 -13.42 2.44 0.92 -1.0 2008111306 MAYSAK
32.0 1.0 -13.62 2.44 0.92 -1.0 2008111312 MAYSAK
33.0 1.0 -13.88 2.34 0.92 -1.0 2008111318 MAYSAK
