0.0 1.0 -8.12 1.64 0.8 -1.0 2008092718 HIGOS
1.0 1.0 -8.4 1.66 0.8 -1.0 2008092800 HIGOS
2.0 1.0 -8.64 1.66 0.76 -1.0 2008092806 HIGOS
3.0 1.0 -8.86 1.7 0.72 -1.0 2008092812 HIGOS
4.0 1.0 -9.12 1.7 0.92 -1.08 2008092818 HIGOS
5.0 1.0 -9.46 1.68 0.92 -1.08 2008092900 HIGOS
6.0 1.0 -9.8 1.74 0.88 -1.08 2008092906 HIGOS
7.0 1.0 -10.12 1.8 0.88 -1.0 2008092912 HIGOS
8.0 1.0 -10.42 1.98 0.88 -1.0 2008092918 HIGOS
9.0 1.0 -10.66 2.18 0.88 -1.0 2008093000 HIGOS
10.0 1.0 -10.84 2.4 0.88 -1.0 2008093006 HIGOS
11.0 1.0 -11.08 2.58 0.92 -1.0 2008093012 HIGOS
12.0 1.0 -11.24 2.7 0.92 -1.0 2008093018 HIGOS
13.0 1.0 -11.42 2.78 0.92 -1.0 2008100100 HIGOS
14.0 1.0 -11.64 2.84 0.88 -1.0 2008100106 HIGOS
15.0 1.0 -11.9 2.88 0.88 -1.0 2008100112 HIGOS
16.0 1.0 -12.18 2.94 0.8 -1.0 2008100118 HIGOS
17.0 1.0 -12.5 3.02 0.72 -0.2 2008100200 HIGOS
18.0 1.0 -12.82 3.14 0.72 -0.2 2008100206 HIGOS
19.0 1.0 -13.12 3.22 0.72 -0.2 2008100212 HIGOS
20.0 1.0 -13.38 3.34 0.72 -0.2 2008100218 HIGOS
21.0 1.0 -13.62 3.5 0.72 -0.2 2008100300 HIGOS
22.0 1.0 -13.76 3.68 0.76 -0.88 2008100306 HIGOS
23.0 1.0 -13.8 3.84 0.76 -0.88 2008100312 HIGOS
24.0 1.0 -13.82 3.96 0.76 -0.96 2008100318 HIGOS
25.0 1.0 -13.86 4.06 0.76 -1.0 2008100400 HIGOS
26.0 1.0 -13.86 4.2 0.8 -1.0 2008100406 HIGOS
27.0 1.0 -13.86 4.28 0.84 -1.12 2008100412 HIGOS
28.0 1.0 -13.78 4.34 0.84 -1.12 2008100418 HIGOS
29.0 1.0 -13.66 4.4 0.84 -1.12 2008100500 HIGOS
30.0 1.0 -13.5 4.42 0.84 -1.12 2008100506 HIGOS
31.0 1.0 -13.28 4.52 0.84 -1.2 2008100512 HIGOS
32.0 1.0 -13.06 4.58 0.88 -1.2 2008100518 HIGOS
33.0 1.0 -12.84 4.64 0.96 -1.2 2008100600 HIGOS
34.0 1.0 -12.7 4.68 0.96 -1.2 2008100606 HIGOS
