0.0 1.0 -10.5 1.68 0.92 null 2008041300 NEOGURI
1.0 1.0 -10.78 1.76 0.88 null 2008041306 NEOGURI
2.0 1.0 -11.06 1.8 0.88 null 2008041312 NEOGURI
3.0 1.0 -11.36 1.84 0.88 null 2008041318 NEOGURI
4.0 1.0 -11.68 1.82 0.88 -1.12 2008041400 NEOGURI
5.0 1.0 -11.94 1.8 0.88 -1.12 2008041406 NEOGURI
6.0 1.0 -12.18 1.86 0.88 -1.0 2008041412 NEOGURI
7.0 1.0 -12.4 1.96 0.84 -1.0 2008041418 NEOGURI
8.0 1.0 -12.6 2.06 0.84 -1.0 2008041500 NEOGURI
9.0 1.0 -12.76 2.16 0.76 -0.2 2008041506 NEOGURI
10.0 1.0 -12.96 2.36 0.72 0.0 2008041512 NEOGURI
11.0 1.0 -13.16 2.54 0.68 0.2 2008041518 NEOGURI
12.0 1.0 -13.4 2.64 0.6 0.4 2008041600 NEOGURI
13.0 1.0 -13.5 2.66 0.4 0.8 2008041606 NEOGURI
14.0 1.0 -13.52 2.76 0.3 1.0 2008041612 NEOGURI
15.0 1.0 -13.54 2.92 0.2 1.2 2008041618 NEOGURI
16.0 1.0 -13.58 3.04 0.1 1.4 2008041700 NEOGURI
17.0 1.0 -13.6 3.18 0.0 1.6 2008041706 NEOGURI
18.0 1.0 -13.62 3.3 0.0 1.6 2008041712 NEOGURI
19.0 1.0 -13.66 3.42 0.0 1.6 2008041718 NEOGURI
20.0 1.0 -13.7 3.58 0.1 1.6 2008041800 NEOGURI
21.0 1.0 -13.72 3.7 0.1 1.4 2008041806 NEOGURI
22.0 1.0 -13.72 3.84 0.2 1.2 2008041812 NEOGURI
23.0 1.0 -13.74 4.0 0.3 1.0 2008041818 NEOGURI
24.0 1.0 -13.68 4.14 0.5 0.6 2008041900 NEOGURI
25.0 1.0 -13.56 4.34 0.64 0.2 2008041906 NEOGURI
26.0 1.0 -13.4 4.56 0.76 -0.2 2008041912 NEOGURI
27.0 1.0 -13.18 4.82 0.88 -1.12 2008041918 NEOGURI
