0.0 1.0 -11.92 3.8 0.84 -1.0 2008080312 KAMMURI
1.0 1.0 -12.06 3.84 0.84 -1.0 2008080318 KAMMURI
2.0 1.0 -12.22 3.86 0.8 -1.0 2008080400 KAMMURI
3.0 1.0 -12.38 3.86 0.76 -1.0 2008080406 KAMMURI
4.0 1.0 -12.48 3.88 0.72 -1.0 2008080412 KAMMURI
5.0 1.0 -12.6 3.94 0.64 -1.0 2008080418 KAMMURI
6.0 1.0 -12.74 4.0 0.6 -0.2 2008080500 KAMMURI
7.0 1.0 -12.88 4.06 0.5 0.0 2008080506 KAMMURI
8.0 1.0 -12.98 4.1 0.5 0.0 2008080512 KAMMURI
9.0 1.0 -13.1 4.16 0.4 0.2 2008080518 KAMMURI
10.0 1.0 -13.22 4.22 0.3 0.4 2008080600 KAMMURI
11.0 1.0 -13.42 4.3 0.3 0.4 2008080606 KAMMURI
12.0 1.0 -13.68 4.32 0.4 0.2 2008080612 KAMMURI
13.0 1.0 -13.98 4.28 0.5 0.0 2008080618 KAMMURI
14.0 1.0 -14.16 4.26 0.5 0.0 2008080700 KAMMURI
15.0 1.0 -14.36 4.3 0.5 0.0 2008080706 KAMMURI
16.0 1.0 -14.62 4.32 0.6 -0.2 2008080712 KAMMURI
17.0 1.0 -14.86 4.28 0.68 -1.0 2008080718 KAMMURI
18.0 1.0 -15.08 4.24 0.72 -1.12 2008080800 KAMMURI
19.0 1.0 -15.36 4.26 0.76 -1.2 2008080806 KAMMURI
