0.0 1.0 -11.62 1.64 0.88 -1.08 2008111418 NOUL
1.0 1.0 -11.9 1.68 0.92 -1.08 2008111500 NOUL
2.0 1.0 -12.16 1.74 0.88 -1.08 2008111506 NOUL
3.0 1.0 -12.38 1.84 0.88 -1.08 2008111512 NOUL
4.0 1.0 -12.62 1.92 0.84 -1.08 2008111518 NOUL
5.0 1.0 -12.84 2.0 0.84 -1.0 2008111600 NOUL
6.0 1.0 -13.06 2.08 0.8 -0.88 2008111606 NOUL
7.0 1.0 -13.28 2.16 0.76 -0.2 2008111612 NOUL
8.0 1.0 -13.52 2.2 0.72 -0.2 2008111618 NOUL
9.0 1.0 -13.78 2.3 0.68 0.0 2008111700 NOUL
10.0 1.0 -14.08 2.36 0.76 -0.2 2008111706 NOUL
11.0 1.0 -14.5 2.4 0.88 -1.0 2008111712 NOUL
12.0 1.0 -14.86 2.52 0.88 -1.12 2008111718 NOUL
