0.0 1.0 -13.42 2.92 0.8 -1.0 2008092718 MEKKHALA
1.0 1.0 -13.46 2.9 0.8 -1.0 2008092800 MEKKHALA
2.0 1.0 -13.48 2.92 0.76 -1.0 2008092806 MEKKHALA
3.0 1.0 -13.52 3.06 0.72 -1.0 2008092812 MEKKHALA
4.0 1.0 -13.62 3.16 0.68 -1.08 2008092818 MEKKHALA
5.0 1.0 -13.72 3.26 0.64 -0.2 2008092900 MEKKHALA
6.0 1.0 -13.9 3.34 0.64 0.0 2008092906 MEKKHALA
7.0 1.0 -14.12 3.42 0.64 0.0 2008092912 MEKKHALA
8.0 1.0 -14.38 3.48 0.6 0.2 2008092918 MEKKHALA
9.0 1.0 -14.6 3.48 0.6 0.2 2008093000 MEKKHALA
10.0 1.0 -14.94 3.62 0.76 -0.2 2008093006 MEKKHALA
11.0 1.0 -15.42 3.8 0.88 -1.0 2008093012 MEKKHALA
12.0 1.0 -15.82 3.9 0.84 -1.0 2008093018 MEKKHALA
