0.0 1.0 -14.14 3.36 null null 2008101200 UNNAMED_N17109
1.0 1.0 -14.2 3.36 null null 2008101206 UNNAMED_N17109
2.0 1.0 -14.24 3.4 null null 2008101212 UNNAMED_N17109
3.0 1.0 -14.26 3.48 null null 2008101218 UNNAMED_N17109
4.0 1.0 -14.28 3.58 null null 2008101300 UNNAMED_N17109
5.0 1.0 -14.34 3.6 0.88 -1.0 2008101306 UNNAMED_N17109
6.0 1.0 -14.36 3.66 0.88 -1.0 2008101312 UNNAMED_N17109
7.0 1.0 -14.36 3.7 0.88 -1.0 2008101318 UNNAMED_N17109
8.0 1.0 -14.36 3.76 0.88 -1.0 2008101400 UNNAMED_N17109
9.0 1.0 -14.4 3.82 0.88 -1.0 2008101406 UNNAMED_N17109
10.0 1.0 -14.46 3.84 0.88 -1.0 2008101412 UNNAMED_N17109
11.0 1.0 -14.56 3.86 0.88 -1.0 2008101418 UNNAMED_N17109
12.0 1.0 -14.66 3.82 0.88 -1.0 2008101500 UNNAMED_N17109
13.0 1.0 -14.76 3.76 0.88 -1.0 2008101506 UNNAMED_N17109
14.0 1.0 -14.88 3.7 0.88 -1.08 2008101512 UNNAMED_N17109
15.0 1.0 -15.02 3.68 null null 2008101518 UNNAMED_N17109
