0.0 1.0 -10.24 3.48 null null 2009070800 SOUDELOR
1.0 1.0 -10.4 3.5 null null 2009070806 SOUDELOR
2.0 1.0 -10.52 3.58 null null 2009070812 SOUDELOR
3.0 1.0 -10.64 3.62 null null 2009070818 SOUDELOR
4.0 1.0 -10.78 3.62 null null 2009070900 SOUDELOR
5.0 1.0 -11.0 3.66 null null 2009070906 SOUDELOR
6.0 1.0 -11.24 3.68 null null 2009070912 SOUDELOR
7.0 1.0 -11.56 3.72 0.84 -1.08 2009070918 SOUDELOR
8.0 1.0 -11.88 3.76 0.8 -1.0 2009071000 SOUDELOR
9.0 1.0 -12.02 3.84 0.8 -1.0 2009071006 SOUDELOR
10.0 1.0 -12.3 3.86 0.76 -1.0 2009071012 SOUDELOR
11.0 1.0 -12.6 3.92 0.72 -1.0 2009071018 SOUDELOR
12.0 1.0 -12.9 3.96 0.68 -0.2 2009071100 SOUDELOR
13.0 1.0 -13.18 4.0 0.64 -0.2 2009071106 SOUDELOR
14.0 1.0 -13.44 4.0 0.64 -0.2 2009071112 SOUDELOR
15.0 1.0 -13.68 4.02 0.68 -0.2 2009071118 SOUDELOR
16.0 1.0 -13.96 4.08 0.72 -1.2 2009071200 SOUDELOR
17.0 1.0 -14.28 4.16 0.72 -1.2 2009071206 SOUDELOR
18.0 1.0 -14.64 4.22 0.76 -1.12 2009071212 SOUDELOR
19.0 1.0 -15.0 4.16 0.8 -1.0 2009071218 SOUDELOR
