0.0 1.0 -6.5 1.98 0.88 -1.08 2009092700 PARMA
1.0 1.0 -6.62 1.98 0.84 -1.08 2009092706 PARMA
2.0 1.0 -6.76 1.94 0.84 -1.08 2009092712 PARMA
3.0 1.0 -6.9 1.9 0.88 -1.0 2009092718 PARMA
4.0 1.0 -7.08 1.88 0.84 -1.0 2009092800 PARMA
5.0 1.0 -7.28 1.86 0.8 -1.0 2009092806 PARMA
6.0 1.0 -7.56 1.84 0.8 -1.0 2009092812 PARMA
7.0 1.0 -7.82 1.76 0.76 -1.0 2009092818 PARMA
8.0 1.0 -8.06 1.62 0.72 -0.88 2009092900 PARMA
9.0 1.0 -8.2 1.56 0.68 -0.2 2009092906 PARMA
10.0 1.0 -8.36 1.6 0.64 0.0 2009092912 PARMA
11.0 1.0 -8.5 1.66 0.6 0.4 2009092918 PARMA
12.0 1.0 -8.64 1.82 0.4 0.8 2009093000 PARMA
13.0 1.0 -8.92 1.98 0.2 1.2 2009093006 PARMA
14.0 1.0 -9.2 2.12 0.0 1.6 2009093012 PARMA
15.0 1.0 -9.5 2.26 -0.3 2.0 2009093018 PARMA
16.0 1.0 -9.78 2.36 -0.6 2.4 2009100100 PARMA
17.0 1.0 -10.06 2.5 -0.6 2.4 2009100106 PARMA
18.0 1.0 -10.28 2.62 -0.6 2.4 2009100112 PARMA
19.0 1.0 -10.5 2.78 -0.4 2.0 2009100118 PARMA
20.0 1.0 -10.74 2.9 -0.4 2.0 2009100200 PARMA
21.0 1.0 -10.9 3.02 -0.1 1.6 2009100206 PARMA
22.0 1.0 -11.06 3.18 -0.1 1.6 2009100212 PARMA
23.0 1.0 -11.24 3.3 0.1 1.4 2009100218 PARMA
24.0 1.0 -11.4 3.44 0.1 1.4 2009100300 PARMA
25.0 1.0 -11.58 3.56 0.1 1.4 2009100306 PARMA
26.0 1.0 -11.7 3.64 0.2 1.0 2009100312 PARMA
27.0 1.0 -11.86 3.72 0.3 0.8 2009100318 PARMA
28.0 1.0 -11.96 3.76 0.4 0.8 2009100400 PARMA
29.0 1.0 -12.02 3.86 0.4 0.8 2009100406 PARMA
30.0 1.0 -12.06 3.94 0.5 0.6 2009100412 PARMA
31.0 1.0 -12.1 4.0 0.6 0.4 2009100418 PARMA
32.0 1.0 -12.1 4.02 0.6 0.4 2009100500 PARMA
33.0 1.0 -12.08 4.04 0.6 0.4 2009100506 PARMA
34.0 1.0 -12.04 4.02 0.5 0.6 2009100512 PARMA
35.0 1.0 -12.0 3.96 0.5 0.6 2009100518 PARMA
36.0 1.0 -11.96 3.86 0.5 0.6 2009100600 PARMA
37.0 1.0 -11.88 3.78 0.5 0.6 2009100606 PARMA
38.0 1.0 -11.82 3.7 0.6 0.4 2009100612 PARMA
39.0 1.0 -11.74 3.6 0.68 0.0 2009100618 PARMA
40.0 1.0 -11.6 3.52 0.72 -0.2 2009100700 PARMA
41.0 1.0 -11.52 3.52 0.72 -0.2 2009100706 PARMA
42.0 1.0 -11.48 3.56 0.68 0.0 2009100712 PARMA
43.0 1.0 -11.48 3.56 0.68 0.0 2009100718 PARMA
44.0 1.0 -11.54 3.5 0.68 0.0 2009100800 PARMA
45.0 1.0 -11.6 3.46 0.68 0.0 2009100806 PARMA
46.0 1.0 -11.74 3.46 0.68 0.0 2009100812 PARMA
47.0 1.0 -11.88 3.46 0.72 -0.2 2009100818 PARMA
48.0 1.0 -12.02 3.48 0.76 -0.2 2009100900 PARMA
49.0 1.0 -12.08 3.5 0.76 -0.2 2009100906 PARMA
50.0 1.0 -12.16 3.46 0.76 -0.2 2009100912 PARMA
51.0 1.0 -12.24 3.46 0.76 -0.2 2009100918 PARMA
52.0 1.0 -12.28 3.42 0.8 -0.88 2009101000 PARMA
53.0 1.0 -12.38 3.6 0.8 -0.88 2009101006 PARMA
54.0 1.0 -12.62 3.66 0.8 -0.88 2009101012 PARMA
55.0 1.0 -12.88 3.6 0.8 -0.88 2009101018 PARMA
56.0 1.0 -13.12 3.54 0.76 -0.2 2009101100 PARMA
57.0 1.0 -13.36 3.54 0.76 -0.2 2009101106 PARMA
58.0 1.0 -13.5 3.6 0.76 -0.2 2009101112 PARMA
59.0 1.0 -13.68 3.7 0.76 -0.2 2009101118 PARMA
60.0 1.0 -13.82 3.8 0.72 -0.2 2009101200 PARMA
61.0 1.0 -13.98 3.86 0.72 -0.2 2009101206 PARMA
62.0 1.0 -14.1 3.94 0.72 0.0 2009101212 PARMA
63.0 1.0 -14.22 3.96 0.68 0.0 2009101218 PARMA
64.0 1.0 -14.3 4.0 0.64 0.2 2009101300 PARMA
65.0 1.0 -14.38 4.04 0.6 0.4 2009101306 PARMA
66.0 1.0 -14.46 4.08 0.68 0.0 2009101312 PARMA
67.0 1.0 -14.52 4.08 0.8 -0.2 2009101318 PARMA
68.0 1.0 -14.56 4.08 0.96 -0.88 2009101400 PARMA
69.0 1.0 -14.62 4.06 1.0 -0.68 2009101406 PARMA
70.0 1.0 -14.7 4.08 1.04 -1.0 2009101412 PARMA
71.0 1.0 -14.76 4.12 0.84 -1.0 2009101418 PARMA
