0.0 1.0 -9.96 3.28 0.7 -0.88 2009071100 UNNAMED_N16130
1.0 1.0 -10.12 3.44 0.7 -0.88 2009071106 UNNAMED_N16130
2.0 1.0 -10.32 3.56 0.7 -0.88 2009071112 UNNAMED_N16130
3.0 1.0 -10.5 3.7 0.84 -1.2 2009071118 UNNAMED_N16130
4.0 1.0 -10.7 3.86 0.84 -1.2 2009071200 UNNAMED_N16130
5.0 1.0 -10.86 4.02 0.84 -1.2 2009071206 UNNAMED_N16130
6.0 1.0 -11.1 4.18 0.84 -1.12 2009071212 UNNAMED_N16130
7.0 1.0 -11.32 4.3 0.8 -1.0 2009071218 UNNAMED_N16130
8.0 1.0 -11.52 4.42 0.76 -0.88 2009071300 UNNAMED_N16130
9.0 1.0 -11.74 4.56 0.7 -0.8 2009071306 UNNAMED_N16130
10.0 1.0 -12.02 4.68 0.7 -0.8 2009071312 UNNAMED_N16130
11.0 1.0 -12.14 4.86 0.7 -0.8 2009071318 UNNAMED_N16130
12.0 1.0 -12.22 5.22 0.8 -1.0 2009071400 UNNAMED_N16130
