0.0 1.0 -9.54 2.0 0.7 -0.8 2009062200 NANGKA
1.0 1.0 -9.86 2.14 0.7 -0.88 2009062206 NANGKA
2.0 1.0 -10.18 2.2 0.84 -1.08 2009062212 NANGKA
3.0 1.0 -10.4 2.18 0.84 -1.0 2009062218 NANGKA
4.0 1.0 -10.68 2.26 0.8 -1.0 2009062300 NANGKA
5.0 1.0 -10.9 2.36 0.72 -0.2 2009062306 NANGKA
6.0 1.0 -11.14 2.42 0.68 0.0 2009062312 NANGKA
7.0 1.0 -11.34 2.5 0.68 0.0 2009062318 NANGKA
8.0 1.0 -11.56 2.56 0.68 0.0 2009062400 NANGKA
9.0 1.0 -11.76 2.66 0.68 0.0 2009062406 NANGKA
10.0 1.0 -11.92 2.74 0.68 0.0 2009062412 NANGKA
11.0 1.0 -12.1 2.88 0.72 0.0 2009062418 NANGKA
12.0 1.0 -12.24 3.04 0.72 0.0 2009062500 NANGKA
13.0 1.0 -12.34 3.26 0.72 0.0 2009062506 NANGKA
14.0 1.0 -12.48 3.5 0.72 -0.2 2009062512 NANGKA
15.0 1.0 -12.64 3.7 0.72 -0.2 2009062518 NANGKA
16.0 1.0 -12.76 3.86 0.72 -0.2 2009062600 NANGKA
17.0 1.0 -12.86 4.14 0.72 -0.2 2009062606 NANGKA
18.0 1.0 -13.02 4.42 0.72 -0.2 2009062612 NANGKA
19.0 1.0 -13.12 4.56 0.8 -0.96 2009062618 NANGKA
20.0 1.0 -13.2 4.66 0.8 -1.2 2009062700 NANGKA
21.0 1.0 -13.24 4.74 null null 2009062706 NANGKA
