0.0 1.0 -10.28 2.82 0.88 -1.0 2009071500 MOLAVE
1.0 1.0 -10.44 2.88 0.84 -1.0 2009071506 MOLAVE
2.0 1.0 -10.54 3.02 0.84 -1.0 2009071512 MOLAVE
3.0 1.0 -10.68 3.14 0.8 -1.0 2009071518 MOLAVE
4.0 1.0 -10.82 3.24 0.8 -1.0 2009071600 MOLAVE
5.0 1.0 -10.92 3.38 0.76 -0.2 2009071606 MOLAVE
6.0 1.0 -11.06 3.5 0.72 -0.2 2009071612 MOLAVE
7.0 1.0 -11.2 3.62 0.68 0.0 2009071618 MOLAVE
8.0 1.0 -11.34 3.76 0.64 0.2 2009071700 MOLAVE
9.0 1.0 -11.48 3.92 0.5 0.6 2009071706 MOLAVE
10.0 1.0 -11.74 4.14 0.4 0.8 2009071712 MOLAVE
11.0 1.0 -12.08 4.2 0.3 1.0 2009071718 MOLAVE
12.0 1.0 -12.34 4.28 0.3 1.0 2009071800 MOLAVE
13.0 1.0 -12.58 4.36 0.3 1.0 2009071806 MOLAVE
14.0 1.0 -12.8 4.46 0.3 1.0 2009071812 MOLAVE
15.0 1.0 -13.12 4.52 0.4 0.8 2009071818 MOLAVE
16.0 1.0 -13.44 4.58 0.64 0.0 2009071900 MOLAVE
17.0 1.0 -13.76 4.66 0.72 -0.88 2009071906 MOLAVE
18.0 1.0 -14.08 4.74 0.72 -1.08 2009071912 MOLAVE
