0.0 1.0 -9.84 1.94 null null 2009061306 LINFA
1.0 1.0 -10.02 2.04 null null 2009061312 LINFA
2.0 1.0 -10.2 2.2 null null 2009061318 LINFA
3.0 1.0 -10.38 2.38 null null 2009061400 LINFA
4.0 1.0 -10.54 2.6 null null 2009061406 LINFA
5.0 1.0 -10.78 2.78 null null 2009061412 LINFA
6.0 1.0 -11.04 2.9 null null 2009061418 LINFA
7.0 1.0 -11.26 3.02 null null 2009061500 LINFA
8.0 1.0 -11.44 3.1 null null 2009061506 LINFA
9.0 1.0 -11.52 3.22 null null 2009061512 LINFA
10.0 1.0 -11.62 3.32 null null 2009061518 LINFA
11.0 1.0 -11.72 3.5 null null 2009061600 LINFA
12.0 1.0 -11.92 3.54 null null 2009061606 LINFA
13.0 1.0 -12.16 3.56 null null 2009061612 LINFA
14.0 1.0 -12.38 3.52 null null 2009061618 LINFA
15.0 1.0 -12.56 3.52 null null 2009061700 LINFA
16.0 1.0 -12.6 3.56 0.88 -1.08 2009061706 LINFA
17.0 1.0 -12.66 3.58 0.88 -1.08 2009061712 LINFA
18.0 1.0 -12.7 3.58 0.84 -1.0 2009061718 LINFA
19.0 1.0 -12.74 3.58 0.8 -0.2 2009061800 LINFA
20.0 1.0 -12.72 3.54 0.76 -0.2 2009061806 LINFA
21.0 1.0 -12.68 3.5 0.68 -0.2 2009061812 LINFA
22.0 1.0 -12.62 3.5 0.68 -0.2 2009061818 LINFA
23.0 1.0 -12.58 3.56 0.64 0.0 2009061900 LINFA
24.0 1.0 -12.54 3.68 0.6 0.2 2009061906 LINFA
25.0 1.0 -12.54 3.84 0.5 0.4 2009061912 LINFA
26.0 1.0 -12.56 3.96 0.5 0.4 2009061918 LINFA
27.0 1.0 -12.56 4.04 0.4 0.6 2009062000 LINFA
28.0 1.0 -12.52 4.12 0.3 0.8 2009062006 LINFA
29.0 1.0 -12.42 4.24 0.3 0.8 2009062012 LINFA
30.0 1.0 -12.38 4.4 0.3 0.8 2009062018 LINFA
31.0 1.0 -12.32 4.58 0.3 0.8 2009062100 LINFA
32.0 1.0 -12.32 4.74 0.4 0.6 2009062106 LINFA
33.0 1.0 -12.32 4.88 0.4 0.4 2009062112 LINFA
34.0 1.0 -12.24 5.04 0.64 0.0 2009062118 LINFA
35.0 1.0 -12.1 5.18 0.72 -0.2 2009062200 LINFA
36.0 1.0 -11.92 5.42 0.76 -0.88 2009062206 LINFA
37.0 1.0 -11.7 5.66 0.8 -1.08 2009062212 LINFA
38.0 1.0 -11.5 5.82 0.8 -1.0 2009062218 LINFA
39.0 1.0 -11.24 5.94 0.8 -1.0 2009062300 LINFA
40.0 1.0 -10.92 6.02 0.8 -0.88 2009062306 LINFA
41.0 1.0 -10.18 6.34 0.76 -0.88 2009062312 LINFA
42.0 1.0 -9.32 6.64 0.76 -0.8 2009062318 LINFA
43.0 1.0 -8.54 6.8 0.76 -0.8 2009062400 LINFA
44.0 1.0 -7.6 7.14 0.8 -0.8 2009062406 LINFA
45.0 1.0 -6.82 7.48 0.8 -0.8 2009062412 LINFA
46.0 1.0 -6.18 7.8 0.84 -0.8 2009062418 LINFA
47.0 1.0 -5.54 8.02 0.84 -0.8 2009062500 LINFA
48.0 1.0 -4.84 8.22 0.84 -0.8 2009062506 LINFA
49.0 1.0 -4.48 8.38 0.84 -0.8 2009062512 LINFA
50.0 1.0 -4.08 8.52 0.84 -0.8 2009062518 LINFA
51.0 1.0 -3.88 8.58 0.88 -0.8 2009062600 LINFA
52.0 1.0 -3.64 8.7 0.88 -0.68 2009062606 LINFA
53.0 1.0 -3.38 8.78 0.88 -0.68 2009062612 LINFA
54.0 1.0 -3.2 8.92 0.92 -0.96 2009062618 LINFA
55.0 1.0 -2.92 9.12 0.92 -1.2 2009062700 LINFA
56.0 1.0 -2.68 9.36 0.88 null 2009062706 LINFA
57.0 1.0 -2.4 9.58 0.88 null 2009062712 LINFA
58.0 1.0 -2.24 9.86 0.88 null 2009062718 LINFA
59.0 1.0 -2.02 10.12 0.88 null 2009062800 LINFA
60.0 1.0 -1.76 10.42 0.88 null 2009062806 LINFA
61.0 1.0 -1.46 10.76 0.88 null 2009062812 LINFA
62.0 1.0 -1.32 11.06 0.88 null 2009062818 LINFA
63.0 1.0 -1.24 11.28 0.92 null 2009062900 LINFA
64.0 1.0 -1.14 11.48 0.92 null 2009062906 LINFA
65.0 1.0 -1.12 11.62 0.96 null 2009062912 LINFA
66.0 1.0 -1.3 11.7 0.96 null 2009062918 LINFA
67.0 1.0 -1.46 11.68 0.96 null 2009063000 LINFA
68.0 1.0 -1.6 11.64 0.92 null 2009063006 LINFA
69.0 1.0 -1.62 11.56 0.92 null 2009063012 LINFA
