0.0 1.0 -13.76 3.1 0.8 -1.08 2009101800 UNNAMED_N16111
1.0 1.0 -13.82 3.16 0.8 -1.08 2009101806 UNNAMED_N16111
2.0 1.0 -13.88 3.18 0.8 -1.0 2009101812 UNNAMED_N16111
3.0 1.0 -13.86 3.24 0.8 -1.0 2009101818 UNNAMED_N16111
4.0 1.0 -13.84 3.32 0.8 -1.0 2009101900 UNNAMED_N16111
5.0 1.0 -13.9 3.42 0.8 -1.0 2009101906 UNNAMED_N16111
6.0 1.0 -13.92 3.48 0.8 -1.0 2009101912 UNNAMED_N16111
7.0 1.0 -13.94 3.54 0.8 -1.0 2009101918 UNNAMED_N16111
8.0 1.0 -13.96 3.6 0.8 -1.0 2009102000 UNNAMED_N16111
9.0 1.0 -14.02 3.66 0.8 -1.08 2009102006 UNNAMED_N16111
10.0 1.0 -14.12 3.6 0.88 -1.2 2009102012 UNNAMED_N16111
