0.0 1.0 -12.4 3.26 0.5 -0.6 2009090806 MUJIGAE
1.0 1.0 -12.32 3.24 0.5 -0.6 2009090812 MUJIGAE
2.0 1.0 -12.22 3.28 0.5 -0.6 2009090818 MUJIGAE
3.0 1.0 -12.2 3.4 0.84 -1.08 2009090900 MUJIGAE
4.0 1.0 -12.32 3.54 0.8 -1.0 2009090906 MUJIGAE
5.0 1.0 -12.5 3.64 0.8 -1.0 2009090912 MUJIGAE
6.0 1.0 -12.74 3.72 0.8 -1.0 2009090918 MUJIGAE
7.0 1.0 -13.0 3.8 0.76 -0.2 2009091000 MUJIGAE
8.0 1.0 -13.26 3.86 0.76 -0.2 2009091006 MUJIGAE
9.0 1.0 -13.46 3.9 0.72 -0.2 2009091012 MUJIGAE
10.0 1.0 -13.74 3.94 0.72 -0.2 2009091018 MUJIGAE
11.0 1.0 -14.1 3.96 0.68 0.0 2009091100 MUJIGAE
12.0 1.0 -14.36 3.96 0.68 0.0 2009091106 MUJIGAE
13.0 1.0 -14.5 3.96 0.72 -0.2 2009091112 MUJIGAE
14.0 1.0 -14.64 3.96 0.76 -0.2 2009091118 MUJIGAE
15.0 1.0 -14.78 3.98 0.8 -1.08 2009091200 MUJIGAE
16.0 1.0 -15.04 4.04 0.88 -1.08 2009091206 MUJIGAE
17.0 1.0 -15.42 4.1 0.92 -1.0 2009091212 MUJIGAE
