0.0 1.0 -5.48 2.36 0.84 -1.08 2009102518 MIRINAE
1.0 1.0 -5.72 2.46 0.88 -1.08 2009102600 MIRINAE
2.0 1.0 -6.02 2.56 0.84 -1.08 2009102606 MIRINAE
3.0 1.0 -6.3 2.66 0.88 -1.0 2009102612 MIRINAE
4.0 1.0 -6.62 2.74 0.84 -1.0 2009102618 MIRINAE
5.0 1.0 -6.94 2.84 0.84 -1.0 2009102700 MIRINAE
6.0 1.0 -7.26 2.98 0.76 -0.2 2009102706 MIRINAE
7.0 1.0 -7.58 3.12 0.64 0.2 2009102712 MIRINAE
8.0 1.0 -7.94 3.18 0.4 0.6 2009102718 MIRINAE
9.0 1.0 -8.3 3.24 0.1 1.2 2009102800 MIRINAE
10.0 1.0 -8.6 3.24 0.0 1.4 2009102806 MIRINAE
11.0 1.0 -8.92 3.24 -0.1 1.6 2009102812 MIRINAE
12.0 1.0 -9.22 3.26 -0.1 1.6 2009102818 MIRINAE
13.0 1.0 -9.56 3.2 -0.1 1.6 2009102900 MIRINAE
14.0 1.0 -9.86 3.18 0.0 1.4 2009102906 MIRINAE
15.0 1.0 -10.18 3.18 0.1 1.4 2009102912 MIRINAE
16.0 1.0 -10.5 3.12 0.1 1.4 2009102918 MIRINAE
17.0 1.0 -10.84 3.04 0.2 1.2 2009103000 MIRINAE
18.0 1.0 -11.08 2.98 0.3 1.0 2009103006 MIRINAE
19.0 1.0 -11.34 2.94 0.4 0.8 2009103012 MIRINAE
20.0 1.0 -11.64 2.86 0.5 0.6 2009103018 MIRINAE
21.0 1.0 -11.94 2.84 0.6 0.4 2009103100 MIRINAE
22.0 1.0 -12.2 2.84 0.6 0.4 2009103106 MIRINAE
23.0 1.0 -12.44 2.84 0.68 0.2 2009103112 MIRINAE
24.0 1.0 -12.7 2.8 0.68 0.2 2009103118 MIRINAE
25.0 1.0 -12.92 2.78 0.68 0.2 2009110100 MIRINAE
26.0 1.0 -13.12 2.76 0.68 0.2 2009110106 MIRINAE
27.0 1.0 -13.3 2.76 0.68 0.2 2009110112 MIRINAE
28.0 1.0 -13.56 2.74 0.68 0.2 2009110118 MIRINAE
29.0 1.0 -13.82 2.66 0.68 0.2 2009110200 MIRINAE
30.0 1.0 -14.06 2.58 0.68 0.2 2009110206 MIRINAE
31.0 1.0 -14.3 2.54 0.76 -0.2 2009110212 MIRINAE
32.0 1.0 -14.6 2.54 0.88 -1.0 2009110218 MIRINAE
