0.0 1.0 -11.04 4.78 0.6 -0.6 2010090606 MERANTI
1.0 1.0 -11.06 4.64 0.6 -0.6 2010090612 MERANTI
2.0 1.0 -11.14 4.56 0.6 -0.6 2010090618 MERANTI
3.0 1.0 -11.24 4.5 0.88 -1.0 2010090700 MERANTI
4.0 1.0 -11.36 4.46 0.88 -1.0 2010090706 MERANTI
5.0 1.0 -11.54 4.4 0.88 -1.0 2010090712 MERANTI
6.0 1.0 -11.72 4.3 0.88 -1.0 2010090718 MERANTI
7.0 1.0 -11.86 4.2 0.88 -1.0 2010090800 MERANTI
8.0 1.0 -12.02 4.14 0.84 -0.88 2010090806 MERANTI
9.0 1.0 -12.1 4.14 0.84 -0.88 2010090812 MERANTI
10.0 1.0 -12.16 4.16 0.76 -0.2 2010090818 MERANTI
11.0 1.0 -12.12 4.26 0.68 0.0 2010090900 MERANTI
12.0 1.0 -12.18 4.46 0.64 0.2 2010090906 MERANTI
13.0 1.0 -12.2 4.62 0.6 0.4 2010090912 MERANTI
14.0 1.0 -12.24 4.86 0.5 0.6 2010090918 MERANTI
15.0 1.0 -12.26 5.08 0.72 0.0 2010091000 MERANTI
16.0 1.0 -12.26 5.36 0.8 -0.2 2010091006 MERANTI
17.0 1.0 -12.18 5.58 0.88 -1.0 2010091012 MERANTI
18.0 1.0 -12.04 5.82 0.92 -1.12 2010091018 MERANTI
19.0 1.0 -11.8 6.1 0.92 -1.12 2010091100 MERANTI
20.0 1.0 -11.54 6.36 0.92 -1.0 2010091106 MERANTI
21.0 1.0 -11.2 6.58 0.92 -1.0 2010091112 MERANTI
22.0 1.0 -10.88 6.88 0.88 -1.0 2010091118 MERANTI
23.0 1.0 -10.1 7.26 0.88 -1.0 2010091200 MERANTI
24.0 1.0 -9.5 7.52 0.84 -1.0 2010091206 MERANTI
25.0 1.0 -8.86 7.64 0.84 -1.0 2010091212 MERANTI
26.0 1.0 -8.36 7.78 0.84 -1.12 2010091218 MERANTI
27.0 1.0 -7.48 7.78 0.88 -1.12 2010091300 MERANTI
28.0 1.0 -7.12 7.78 0.84 -1.12 2010091306 MERANTI
29.0 1.0 -6.72 7.76 0.84 -1.12 2010091312 MERANTI
30.0 1.0 -6.46 7.76 0.84 -1.12 2010091318 MERANTI
31.0 1.0 -6.26 7.68 0.88 -1.12 2010091400 MERANTI
32.0 1.0 -6.0 7.56 0.88 -1.12 2010091406 MERANTI
