0.0 1.0 -13.98 3.5 0.88 -1.08 2010100412 UNNAMED_N18110
1.0 1.0 -14.1 3.56 0.88 -1.0 2010100418 UNNAMED_N18110
2.0 1.0 -14.16 3.7 0.88 -1.0 2010100500 UNNAMED_N18110
3.0 1.0 -14.18 3.78 0.88 -1.0 2010100506 UNNAMED_N18110
4.0 1.0 -14.18 3.84 0.88 -1.0 2010100512 UNNAMED_N18110
5.0 1.0 -14.2 3.84 0.88 -1.0 2010100518 UNNAMED_N18110
6.0 1.0 -14.3 3.82 0.88 -1.0 2010100600 UNNAMED_N18110
7.0 1.0 -14.4 3.8 0.88 -1.12 2010100606 UNNAMED_N18110
8.0 1.0 -14.38 3.78 0.92 -1.12 2010100612 UNNAMED_N18110
9.0 1.0 -14.3 3.76 0.92 -1.12 2010100618 UNNAMED_N18110
10.0 1.0 -14.24 3.76 0.92 -1.12 2010100700 UNNAMED_N18110
11.0 1.0 -14.22 3.76 0.92 -1.12 2010100706 UNNAMED_N18110
12.0 1.0 -14.2 3.76 0.92 -1.2 2010100712 UNNAMED_N18110
13.0 1.0 -14.16 3.76 0.92 -1.2 2010100718 UNNAMED_N18110
14.0 1.0 -14.12 3.76 0.92 -1.2 2010100800 UNNAMED_N18110
15.0 1.0 -14.06 3.78 0.88 -1.2 2010100806 UNNAMED_N18110
16.0 1.0 -13.96 3.8 0.88 -1.2 2010100812 UNNAMED_N18110
17.0 1.0 -13.92 3.82 0.88 -1.2 2010100818 UNNAMED_N18110
18.0 1.0 -13.9 3.84 0.88 -1.2 2010100900 UNNAMED_N18110
19.0 1.0 -13.88 3.88 0.88 -1.2 2010100906 UNNAMED_N18110
20.0 1.0 -13.86 3.92 0.88 -1.2 2010100912 UNNAMED_N18110
21.0 1.0 -13.84 4.04 0.84 -1.12 2010100918 UNNAMED_N18110
22.0 1.0 -13.78 4.14 0.84 -1.12 2010101000 UNNAMED_N18110
23.0 1.0 -13.66 4.16 0.84 -1.12 2010101006 UNNAMED_N18110
