0.0 1.0 -7.0 2.54 null null 2010101112 MEGI
1.0 1.0 -7.14 2.52 null null 2010101118 MEGI
2.0 1.0 -7.3 2.5 null null 2010101200 MEGI
3.0 1.0 -7.44 2.46 null null 2010101206 MEGI
4.0 1.0 -7.58 2.42 null null 2010101212 MEGI
5.0 1.0 -7.68 2.42 null null 2010101218 MEGI
6.0 1.0 -7.7 2.36 0.92 -1.08 2010101300 MEGI
7.0 1.0 -7.76 2.36 0.88 -1.0 2010101306 MEGI
8.0 1.0 -7.82 2.38 0.84 -0.2 2010101312 MEGI
9.0 1.0 -7.9 2.4 0.8 -0.2 2010101318 MEGI
10.0 1.0 -8.0 2.44 0.72 0.0 2010101400 MEGI
11.0 1.0 -8.14 2.54 0.6 0.2 2010101406 MEGI
12.0 1.0 -8.28 2.6 0.5 0.4 2010101412 MEGI
13.0 1.0 -8.42 2.72 0.4 0.6 2010101418 MEGI
14.0 1.0 -8.54 2.86 0.3 0.8 2010101500 MEGI
15.0 1.0 -8.68 2.98 0.2 1.0 2010101506 MEGI
16.0 1.0 -8.9 3.14 0.1 1.2 2010101512 MEGI
17.0 1.0 -9.14 3.34 0.0 1.4 2010101518 MEGI
18.0 1.0 -9.4 3.5 0.0 1.4 2010101600 MEGI
19.0 1.0 -9.68 3.62 -0.1 1.6 2010101606 MEGI
20.0 1.0 -9.96 3.68 -0.3 1.8 2010101612 MEGI
21.0 1.0 -10.24 3.74 -0.7 2.4 2010101618 MEGI
22.0 1.0 -10.5 3.74 -0.9 2.6 2010101700 MEGI
23.0 1.0 -10.76 3.7 -1.1 2.8 2010101706 MEGI
24.0 1.0 -10.98 3.62 -1.3 3.2 2010101712 MEGI
25.0 1.0 -11.16 3.52 -1.5 3.4 2010101718 MEGI
26.0 1.0 -11.34 3.48 -1.5 3.4 2010101800 MEGI
27.0 1.0 -11.62 3.42 -1.0 2.6 2010101806 MEGI
28.0 1.0 -11.88 3.36 -0.4 2.0 2010101812 MEGI
29.0 1.0 -12.1 3.32 -0.2 1.8 2010101818 MEGI
30.0 1.0 -12.2 3.28 -0.2 1.6 2010101900 MEGI
31.0 1.0 -12.3 3.32 -0.2 1.6 2010101906 MEGI
32.0 1.0 -12.42 3.34 -0.2 1.6 2010101912 MEGI
33.0 1.0 -12.48 3.38 -0.2 1.6 2010101918 MEGI
34.0 1.0 -12.54 3.46 -0.2 1.6 2010102000 MEGI
35.0 1.0 -12.56 3.56 -0.2 1.6 2010102006 MEGI
36.0 1.0 -12.56 3.68 -0.3 1.8 2010102012 MEGI
37.0 1.0 -12.52 3.76 -0.3 1.8 2010102018 MEGI
38.0 1.0 -12.5 3.88 -0.4 2.0 2010102100 MEGI
39.0 1.0 -12.48 3.98 -0.5 2.2 2010102106 MEGI
40.0 1.0 -12.44 4.04 -0.5 2.2 2010102112 MEGI
41.0 1.0 -12.4 4.12 -0.3 1.8 2010102118 MEGI
42.0 1.0 -12.36 4.2 -0.2 1.6 2010102200 MEGI
43.0 1.0 -12.34 4.32 -0.1 1.4 2010102206 MEGI
44.0 1.0 -12.34 4.44 0.1 1.2 2010102212 MEGI
45.0 1.0 -12.36 4.56 0.3 0.8 2010102218 MEGI
46.0 1.0 -12.4 4.68 0.5 0.4 2010102300 MEGI
47.0 1.0 -12.44 4.82 0.64 0.0 2010102306 MEGI
48.0 1.0 -12.44 4.9 0.8 -0.2 2010102312 MEGI
49.0 1.0 -12.4 4.98 0.88 -1.0 2010102318 MEGI
50.0 1.0 -12.32 5.06 0.92 -1.0 2010102400 MEGI
51.0 1.0 -12.3 5.24 0.92 -1.0 2010102406 MEGI
