0.0 1.0 -12.34 2.9 null null 2010082618 LIONROCK
1.0 1.0 -12.38 2.96 null null 2010082700 LIONROCK
2.0 1.0 -12.4 3.06 null null 2010082706 LIONROCK
3.0 1.0 -12.42 3.16 0.88 -1.0 2010082712 LIONROCK
4.0 1.0 -12.44 3.32 0.88 -1.0 2010082718 LIONROCK
5.0 1.0 -12.46 3.48 0.88 -1.0 2010082800 LIONROCK
6.0 1.0 -12.58 3.66 0.84 -1.0 2010082806 LIONROCK
7.0 1.0 -12.66 3.76 0.84 -1.0 2010082812 LIONROCK
8.0 1.0 -12.72 3.84 0.8 -0.2 2010082818 LIONROCK
9.0 1.0 -12.76 3.92 0.8 -0.2 2010082900 LIONROCK
10.0 1.0 -12.76 4.04 0.76 -0.2 2010082906 LIONROCK
11.0 1.0 -12.72 4.1 0.72 0.0 2010082912 LIONROCK
12.0 1.0 -12.7 4.14 0.72 0.0 2010082918 LIONROCK
13.0 1.0 -12.68 4.16 0.6 0.2 2010083000 LIONROCK
14.0 1.0 -12.64 4.16 0.5 0.4 2010083006 LIONROCK
15.0 1.0 -12.58 4.14 0.5 0.4 2010083012 LIONROCK
16.0 1.0 -12.54 4.12 0.5 0.4 2010083018 LIONROCK
17.0 1.0 -12.48 4.08 0.5 0.4 2010083100 LIONROCK
18.0 1.0 -12.36 4.08 0.5 0.4 2010083106 LIONROCK
19.0 1.0 -12.2 4.16 0.5 0.4 2010083112 LIONROCK
20.0 1.0 -12.12 4.3 0.5 0.4 2010083118 LIONROCK
21.0 1.0 -12.1 4.46 0.6 0.2 2010090100 LIONROCK
22.0 1.0 -12.16 4.56 0.6 0.2 2010090106 LIONROCK
23.0 1.0 -12.22 4.64 0.6 0.2 2010090112 LIONROCK
24.0 1.0 -12.34 4.7 0.6 0.2 2010090118 LIONROCK
25.0 1.0 -12.52 4.78 0.72 -0.2 2010090200 LIONROCK
26.0 1.0 -12.76 4.84 0.76 -1.0 2010090206 LIONROCK
27.0 1.0 -12.98 4.82 0.84 -1.0 2010090212 LIONROCK
28.0 1.0 -13.16 4.78 0.84 -1.0 2010090218 LIONROCK
29.0 1.0 -13.28 4.74 0.84 -1.0 2010090300 LIONROCK
30.0 1.0 -13.36 4.72 0.84 -1.0 2010090306 LIONROCK
31.0 1.0 -13.46 4.7 0.84 -1.0 2010090312 LIONROCK
32.0 1.0 -13.56 4.68 0.84 -0.88 2010090318 LIONROCK
33.0 1.0 -13.68 4.58 0.88 -0.88 2010090400 LIONROCK
34.0 1.0 -13.76 4.5 0.84 -0.88 2010090406 LIONROCK
