0.0 1.0 -11.1 4.98 0.84 -0.96 2010082900 NAMTHEUN
1.0 1.0 -11.18 5.04 0.88 -1.08 2010082906 NAMTHEUN
2.0 1.0 -11.22 5.1 0.88 -1.08 2010082912 NAMTHEUN
3.0 1.0 -11.3 5.16 0.84 -1.0 2010082918 NAMTHEUN
4.0 1.0 -11.36 5.2 0.8 -1.0 2010083000 NAMTHEUN
5.0 1.0 -11.46 5.22 0.76 -1.0 2010083006 NAMTHEUN
6.0 1.0 -11.6 5.2 0.72 -0.2 2010083012 NAMTHEUN
7.0 1.0 -11.72 5.14 0.72 -0.2 2010083018 NAMTHEUN
8.0 1.0 -11.84 5.1 0.72 -0.2 2010083100 NAMTHEUN
9.0 1.0 -11.96 5.06 0.76 -0.88 2010083106 NAMTHEUN
10.0 1.0 -12.06 5.02 0.8 -0.88 2010083112 NAMTHEUN
11.0 1.0 -12.18 4.96 0.72 -0.88 2010083118 NAMTHEUN
