0.0 1.0 -13.66 2.88 null null 2010111012 UNNAMED_N14112
1.0 1.0 -13.64 2.84 null null 2010111018 UNNAMED_N14112
2.0 1.0 -13.64 2.8 null null 2010111100 UNNAMED_N14112
3.0 1.0 -13.6 2.78 null null 2010111106 UNNAMED_N14112
4.0 1.0 -13.56 2.76 null null 2010111112 UNNAMED_N14112
5.0 1.0 -13.52 2.72 null null 2010111118 UNNAMED_N14112
6.0 1.0 -13.52 2.66 null null 2010111200 UNNAMED_N14112
7.0 1.0 -13.56 2.62 null null 2010111206 UNNAMED_N14112
8.0 1.0 -13.62 2.6 null null 2010111212 UNNAMED_N14112
9.0 1.0 -13.7 2.62 0.92 -1.08 2010111218 UNNAMED_N14112
10.0 1.0 -13.76 2.68 0.92 -1.08 2010111300 UNNAMED_N14112
11.0 1.0 -13.8 2.76 0.92 -1.08 2010111306 UNNAMED_N14112
12.0 1.0 -13.92 2.82 0.92 -1.08 2010111312 UNNAMED_N14112
13.0 1.0 -14.06 2.9 0.92 -1.08 2010111318 UNNAMED_N14112
14.0 1.0 -14.24 2.96 1.0 -1.2 2010111400 UNNAMED_N14112
15.0 1.0 -14.36 2.98 1.0 -1.2 2010111406 UNNAMED_N14112
16.0 1.0 -14.5 3.0 1.0 -1.24 2010111412 UNNAMED_N14112
17.0 1.0 -14.64 3.0 1.0 -1.24 2010111418 UNNAMED_N14112
