0.0 1.0 -12.28 3.42 null null 2010082018 MINDULLE
1.0 1.0 -12.4 3.34 null null 2010082100 MINDULLE
2.0 1.0 -12.5 3.22 null null 2010082106 MINDULLE
3.0 1.0 -12.64 3.22 null null 2010082112 MINDULLE
4.0 1.0 -12.78 3.22 null null 2010082118 MINDULLE
5.0 1.0 -12.98 3.22 0.84 -1.08 2010082200 MINDULLE
6.0 1.0 -13.16 3.22 0.8 -1.0 2010082206 MINDULLE
7.0 1.0 -13.32 3.2 0.76 -1.0 2010082212 MINDULLE
8.0 1.0 -13.56 3.18 0.72 -1.0 2010082218 MINDULLE
9.0 1.0 -13.74 3.22 0.68 -0.2 2010082300 MINDULLE
10.0 1.0 -13.98 3.26 0.68 -0.2 2010082306 MINDULLE
11.0 1.0 -14.18 3.34 0.64 0.0 2010082312 MINDULLE
12.0 1.0 -14.34 3.48 0.6 0.0 2010082318 MINDULLE
13.0 1.0 -14.54 3.62 0.5 0.2 2010082400 MINDULLE
14.0 1.0 -14.74 3.72 0.5 0.2 2010082406 MINDULLE
15.0 1.0 -14.9 3.8 0.6 0.0 2010082412 MINDULLE
16.0 1.0 -15.06 3.84 0.72 -0.2 2010082418 MINDULLE
17.0 1.0 -15.18 3.88 0.8 -1.12 2010082500 MINDULLE
