0.0 1.0 -4.82 0.68 0.9 -1.2 2011121118 WASHI
1.0 1.0 -5.1 0.88 0.9 -1.2 2011121200 WASHI
2.0 1.0 -5.4 1.04 0.88 -1.08 2011121206 WASHI
3.0 1.0 -5.78 1.1 0.8 -1.0 2011121212 WASHI
4.0 1.0 -6.22 1.1 0.8 -1.08 2011121218 WASHI
5.0 1.0 -6.66 1.2 0.88 -1.08 2011121300 WASHI
6.0 1.0 -6.98 1.2 0.88 -1.08 2011121306 WASHI
7.0 1.0 -7.32 1.22 0.92 -1.0 2011121312 WASHI
8.0 1.0 -7.62 1.2 0.88 -1.0 2011121318 WASHI
9.0 1.0 -7.88 1.16 0.92 -1.0 2011121400 WASHI
10.0 1.0 -8.16 1.2 0.88 -1.0 2011121406 WASHI
11.0 1.0 -8.44 1.3 0.92 -1.0 2011121412 WASHI
12.0 1.0 -8.78 1.38 0.88 -1.0 2011121418 WASHI
13.0 1.0 -9.14 1.46 0.88 -1.0 2011121500 WASHI
14.0 1.0 -9.48 1.52 0.8 -0.2 2011121506 WASHI
15.0 1.0 -9.82 1.54 0.76 0.0 2011121512 WASHI
16.0 1.0 -10.12 1.52 0.76 0.0 2011121518 WASHI
17.0 1.0 -10.38 1.52 0.72 0.2 2011121600 WASHI
18.0 1.0 -10.64 1.6 0.64 0.4 2011121606 WASHI
19.0 1.0 -10.9 1.66 0.76 0.0 2011121612 WASHI
20.0 1.0 -11.18 1.72 0.8 -0.2 2011121618 WASHI
21.0 1.0 -11.5 1.78 0.72 0.0 2011121700 WASHI
22.0 1.0 -11.7 1.82 0.72 0.0 2011121706 WASHI
23.0 1.0 -11.94 1.92 0.72 0.0 2011121712 WASHI
24.0 1.0 -12.24 2.04 0.76 -0.2 2011121718 WASHI
25.0 1.0 -12.62 2.06 0.76 -0.2 2011121800 WASHI
26.0 1.0 -12.86 2.02 0.8 -0.2 2011121806 WASHI
27.0 1.0 -13.04 2.0 0.84 -0.2 2011121812 WASHI
28.0 1.0 -13.2 1.96 0.84 -0.2 2011121818 WASHI
29.0 1.0 -13.4 1.94 0.92 -0.8 2011121900 WASHI
30.0 1.0 -13.58 1.92 0.8 -1.0 2011121906 WASHI
31.0 1.0 -13.72 1.84 null null 2011121912 WASHI
