0.0 1.0 -8.12 2.56 0.92 -1.12 2011092300 NESAT
1.0 1.0 -8.24 2.6 0.88 -1.12 2011092306 NESAT
2.0 1.0 -8.38 2.7 0.88 -1.0 2011092312 NESAT
3.0 1.0 -8.52 2.74 0.88 -1.0 2011092318 NESAT
4.0 1.0 -8.74 2.84 0.8 -0.2 2011092400 NESAT
5.0 1.0 -8.98 2.96 0.76 -0.2 2011092406 NESAT
6.0 1.0 -9.28 3.0 0.68 0.0 2011092412 NESAT
7.0 1.0 -9.58 2.94 0.6 0.2 2011092418 NESAT
8.0 1.0 -9.86 2.92 0.5 0.4 2011092500 NESAT
9.0 1.0 -10.14 2.92 0.5 0.4 2011092506 NESAT
10.0 1.0 -10.36 2.94 0.4 0.6 2011092512 NESAT
11.0 1.0 -10.6 3.0 0.3 0.8 2011092518 NESAT
12.0 1.0 -10.78 3.04 0.1 1.2 2011092600 NESAT
13.0 1.0 -11.0 3.1 0.1 1.2 2011092606 NESAT
14.0 1.0 -11.18 3.18 0.0 1.4 2011092612 NESAT
15.0 1.0 -11.4 3.24 -0.2 1.6 2011092618 NESAT
16.0 1.0 -11.68 3.28 0.0 1.4 2011092700 NESAT
17.0 1.0 -11.96 3.32 0.2 1.0 2011092706 NESAT
18.0 1.0 -12.18 3.36 0.2 1.0 2011092712 NESAT
19.0 1.0 -12.4 3.46 0.2 1.0 2011092718 NESAT
20.0 1.0 -12.66 3.46 0.2 1.0 2011092800 NESAT
21.0 1.0 -12.82 3.5 0.2 1.0 2011092806 NESAT
22.0 1.0 -13.04 3.64 0.2 1.0 2011092812 NESAT
23.0 1.0 -13.28 3.76 0.2 1.0 2011092818 NESAT
24.0 1.0 -13.52 3.92 0.2 1.0 2011092900 NESAT
25.0 1.0 -13.78 3.96 0.2 1.0 2011092906 NESAT
26.0 1.0 -13.98 4.02 0.2 1.0 2011092912 NESAT
27.0 1.0 -14.2 4.14 0.4 0.6 2011092918 NESAT
28.0 1.0 -14.42 4.18 0.5 0.4 2011093000 NESAT
29.0 1.0 -14.64 4.18 0.64 0.2 2011093006 NESAT
30.0 1.0 -14.74 4.22 0.76 -0.2 2011093012 NESAT
31.0 1.0 -14.84 4.26 0.88 0.2 2011093018 NESAT
