0.0 1.0 -13.84 2.62 0.92 -1.2 2011110618 UNNAMED_N13111
1.0 1.0 -13.84 2.74 0.84 -1.2 2011110700 UNNAMED_N13111
2.0 1.0 -13.86 2.96 0.84 -1.2 2011110706 UNNAMED_N13111
3.0 1.0 -14.0 3.16 0.8 -1.0 2011110712 UNNAMED_N13111
4.0 1.0 -14.2 3.2 0.8 -1.0 2011110718 UNNAMED_N13111
5.0 1.0 -14.22 3.32 0.8 -1.0 2011110800 UNNAMED_N13111
6.0 1.0 -14.08 3.38 0.88 -1.08 2011110806 UNNAMED_N13111
7.0 1.0 -14.04 3.44 0.88 -1.08 2011110812 UNNAMED_N13111
8.0 1.0 -13.96 3.38 0.92 -1.2 2011110818 UNNAMED_N13111
9.0 1.0 -13.74 3.26 0.92 -1.2 2011110900 UNNAMED_N13111
10.0 1.0 -13.48 3.2 null null 2011110906 UNNAMED_N13111
11.0 1.0 -13.22 3.24 null null 2011110912 UNNAMED_N13111
12.0 1.0 -13.0 3.3 null null 2011110918 UNNAMED_N13111
13.0 1.0 -12.86 3.34 null null 2011111000 UNNAMED_N13111
