0.0 1.0 -13.64 1.78 null null 2011040100 UNNAMED_N09112
1.0 1.0 -13.66 1.74 null null 2011040106 UNNAMED_N09112
2.0 1.0 -13.68 1.76 null null 2011040112 UNNAMED_N09112
3.0 1.0 -13.68 1.76 0.92 -1.2 2011040118 UNNAMED_N09112
4.0 1.0 -13.72 1.8 0.88 -1.08 2011040200 UNNAMED_N09112
5.0 1.0 -13.74 1.84 0.88 -1.08 2011040206 UNNAMED_N09112
6.0 1.0 -13.72 1.88 0.88 -1.08 2011040212 UNNAMED_N09112
7.0 1.0 -13.66 1.9 0.8 -1.0 2011040218 UNNAMED_N09112
8.0 1.0 -13.64 1.86 0.8 -1.0 2011040300 UNNAMED_N09112
9.0 1.0 -13.64 1.8 0.88 -1.08 2011040306 UNNAMED_N09112
10.0 1.0 -13.6 1.76 0.92 -1.2 2011040312 UNNAMED_N09112
11.0 1.0 -13.5 1.74 0.9 -1.2 2011040318 UNNAMED_N09112
