0.0 1.0 -12.6 2.4 null null 2011120918 UNNAMED_N12117
1.0 1.0 -12.72 2.32 null null 2011121000 UNNAMED_N12117
2.0 1.0 -12.8 2.32 null null 2011121006 UNNAMED_N12117
3.0 1.0 -12.84 2.16 null null 2011121012 UNNAMED_N12117
4.0 1.0 -12.86 2.02 null null 2011121018 UNNAMED_N12117
5.0 1.0 -12.88 1.88 null null 2011121100 UNNAMED_N12117
6.0 1.0 -12.9 1.82 null null 2011121106 UNNAMED_N12117
7.0 1.0 -12.92 1.88 null null 2011121112 UNNAMED_N12117
8.0 1.0 -12.96 1.94 0.9 -1.2 2011121118 UNNAMED_N12117
9.0 1.0 -13.1 1.94 0.9 -1.2 2011121200 UNNAMED_N12117
10.0 1.0 -13.3 1.92 0.88 -1.08 2011121206 UNNAMED_N12117
11.0 1.0 -13.44 1.92 0.8 -1.0 2011121212 UNNAMED_N12117
12.0 1.0 -13.56 1.86 0.8 -1.08 2011121218 UNNAMED_N12117
13.0 1.0 -13.64 1.8 0.88 -1.08 2011121300 UNNAMED_N12117
14.0 1.0 -13.74 1.7 0.92 -1.08 2011121306 UNNAMED_N12117
15.0 1.0 -13.9 1.56 0.88 -1.0 2011121312 UNNAMED_N12117
16.0 1.0 -14.1 1.38 0.88 -1.0 2011121318 UNNAMED_N12117
