0.0 1.0 -11.7 2.68 null null 2011060800 SARIKA
1.0 1.0 -11.8 2.76 null null 2011060806 SARIKA
2.0 1.0 -11.9 2.84 null null 2011060812 SARIKA
3.0 1.0 -11.98 2.9 0.88 -1.08 2011060818 SARIKA
4.0 1.0 -12.08 2.98 0.92 -1.08 2011060900 SARIKA
5.0 1.0 -12.18 3.1 0.88 -1.08 2011060906 SARIKA
6.0 1.0 -12.32 3.28 0.8 -0.2 2011060912 SARIKA
7.0 1.0 -12.42 3.48 0.76 0.0 2011060918 SARIKA
8.0 1.0 -12.48 3.78 0.72 0.0 2011061000 SARIKA
9.0 1.0 -12.58 4.02 0.72 0.0 2011061006 SARIKA
10.0 1.0 -12.6 4.26 0.76 -0.2 2011061012 SARIKA
11.0 1.0 -12.62 4.52 0.76 -0.2 2011061018 SARIKA
12.0 1.0 -12.6 4.74 0.8 -0.2 2011061100 SARIKA
13.0 1.0 -12.52 5.0 0.84 null 2011061106 SARIKA
