0.0 1.0 -10.24 2.38 0.88 -1.2 2011082106 NANMADOL
1.0 1.0 -10.3 2.52 0.88 -1.2 2011082112 NANMADOL
2.0 1.0 -10.36 2.64 0.88 -1.2 2011082118 NANMADOL
3.0 1.0 -10.42 2.78 0.88 -1.2 2011082200 NANMADOL
4.0 1.0 -10.46 2.86 0.88 -1.12 2011082206 NANMADOL
5.0 1.0 -10.48 2.94 0.88 -1.12 2011082212 NANMADOL
6.0 1.0 -10.5 3.04 0.88 -1.08 2011082218 NANMADOL
7.0 1.0 -10.52 3.08 0.84 -1.0 2011082300 NANMADOL
8.0 1.0 -10.52 3.12 0.8 -1.0 2011082306 NANMADOL
9.0 1.0 -10.52 3.14 0.72 -0.2 2011082312 NANMADOL
10.0 1.0 -10.56 3.18 0.68 0.0 2011082318 NANMADOL
11.0 1.0 -10.6 3.2 0.64 0.2 2011082400 NANMADOL
12.0 1.0 -10.64 3.2 0.6 0.4 2011082406 NANMADOL
13.0 1.0 -10.7 3.2 0.5 0.6 2011082412 NANMADOL
14.0 1.0 -10.78 3.2 0.4 0.8 2011082418 NANMADOL
15.0 1.0 -10.88 3.22 0.3 1.0 2011082500 NANMADOL
16.0 1.0 -10.96 3.26 0.1 1.4 2011082506 NANMADOL
17.0 1.0 -11.1 3.3 -0.1 1.6 2011082512 NANMADOL
18.0 1.0 -11.18 3.3 -0.4 2.0 2011082518 NANMADOL
19.0 1.0 -11.22 3.34 -0.7 2.4 2011082600 NANMADOL
20.0 1.0 -11.28 3.44 -0.7 2.4 2011082606 NANMADOL
21.0 1.0 -11.34 3.52 -0.7 2.4 2011082612 NANMADOL
22.0 1.0 -11.46 3.6 -0.5 2.2 2011082618 NANMADOL
23.0 1.0 -11.52 3.62 -0.3 2.0 2011082700 NANMADOL
24.0 1.0 -11.6 3.74 -0.2 1.8 2011082706 NANMADOL
25.0 1.0 -11.66 3.86 -0.1 1.6 2011082712 NANMADOL
26.0 1.0 -11.72 3.94 0.2 1.2 2011082718 NANMADOL
27.0 1.0 -11.72 4.08 0.3 1.0 2011082800 NANMADOL
28.0 1.0 -11.76 4.2 0.3 1.0 2011082806 NANMADOL
29.0 1.0 -11.78 4.32 0.4 0.8 2011082812 NANMADOL
30.0 1.0 -11.8 4.42 0.4 0.8 2011082818 NANMADOL
31.0 1.0 -11.9 4.56 0.5 0.6 2011082900 NANMADOL
32.0 1.0 -12.0 4.64 0.6 0.4 2011082906 NANMADOL
33.0 1.0 -12.06 4.72 0.6 0.4 2011082912 NANMADOL
34.0 1.0 -12.12 4.76 0.64 0.2 2011082918 NANMADOL
35.0 1.0 -12.16 4.82 0.64 0.2 2011083000 NANMADOL
36.0 1.0 -12.18 4.86 0.64 0.0 2011083006 NANMADOL
37.0 1.0 -12.18 4.9 0.64 0.0 2011083012 NANMADOL
38.0 1.0 -12.22 4.92 0.68 -0.2 2011083018 NANMADOL
39.0 1.0 -12.26 4.94 0.72 -0.48 2011083100 NANMADOL
40.0 1.0 -12.42 4.94 0.72 -0.48 2011083106 NANMADOL
41.0 1.0 -12.62 4.88 0.76 -0.48 2011083112 NANMADOL
