0.0 1.0 -13.58 3.82 0.72 -1.0 2012061606 TALIM
1.0 1.0 -13.6 3.86 0.72 -1.0 2012061612 TALIM
2.0 1.0 -13.64 3.9 0.72 -1.0 2012061618 TALIM
3.0 1.0 -13.74 3.88 0.72 -1.0 2012061700 TALIM
4.0 1.0 -13.76 3.8 0.68 -0.2 2012061706 TALIM
5.0 1.0 -13.7 3.76 0.68 -0.2 2012061712 TALIM
6.0 1.0 -13.62 3.76 0.64 0.0 2012061718 TALIM
7.0 1.0 -13.52 3.78 0.64 0.0 2012061800 TALIM
8.0 1.0 -13.44 3.8 0.64 0.0 2012061806 TALIM
9.0 1.0 -13.32 3.82 0.64 0.0 2012061812 TALIM
10.0 1.0 -13.18 3.86 0.64 0.0 2012061818 TALIM
11.0 1.0 -13.04 3.94 0.6 0.2 2012061900 TALIM
12.0 1.0 -12.88 4.04 0.5 0.4 2012061906 TALIM
13.0 1.0 -12.74 4.16 0.5 0.4 2012061912 TALIM
14.0 1.0 -12.62 4.34 0.5 0.4 2012061918 TALIM
15.0 1.0 -12.44 4.54 0.6 0.2 2012062000 TALIM
16.0 1.0 -12.24 4.76 0.64 0.0 2012062006 TALIM
17.0 1.0 -11.98 4.88 0.68 -0.2 2012062012 TALIM
18.0 1.0 -11.7 5.12 0.8 -1.0 2012062018 TALIM
19.0 1.0 -11.16 5.44 0.88 -1.08 2012062100 TALIM
