0.0 1.0 -9.24 1.66 0.88 -1.08 2012122318 WUKONG
1.0 1.0 -9.46 1.68 0.92 -0.96 2012122400 WUKONG
2.0 1.0 -9.68 1.86 0.84 -0.96 2012122406 WUKONG
3.0 1.0 -9.86 1.94 0.88 -0.96 2012122412 WUKONG
4.0 1.0 -10.04 2.0 0.88 -0.96 2012122418 WUKONG
5.0 1.0 -10.28 2.04 0.84 -0.2 2012122500 WUKONG
6.0 1.0 -10.56 2.06 0.8 0.0 2012122506 WUKONG
7.0 1.0 -10.78 2.1 0.8 0.0 2012122512 WUKONG
8.0 1.0 -11.04 2.16 0.8 0.0 2012122518 WUKONG
9.0 1.0 -11.34 2.22 0.84 -0.2 2012122600 WUKONG
10.0 1.0 -11.6 2.2 0.84 -0.2 2012122606 WUKONG
11.0 1.0 -11.86 2.2 0.84 -0.2 2012122612 WUKONG
12.0 1.0 -12.14 2.14 0.84 -0.2 2012122618 WUKONG
13.0 1.0 -12.5 2.08 0.84 -0.2 2012122700 WUKONG
14.0 1.0 -12.8 2.04 0.84 -0.2 2012122706 WUKONG
15.0 1.0 -13.04 2.02 0.84 -0.2 2012122712 WUKONG
16.0 1.0 -13.28 2.0 0.84 -0.2 2012122718 WUKONG
17.0 1.0 -13.52 1.92 0.84 -0.2 2012122800 WUKONG
18.0 1.0 -13.8 1.76 0.88 -1.0 2012122806 WUKONG
19.0 1.0 -14.1 1.64 0.88 -1.0 2012122812 WUKONG
20.0 1.0 -14.36 1.52 0.88 -1.08 2012122818 WUKONG
21.0 1.0 -14.56 1.46 0.88 -1.08 2012122900 WUKONG
22.0 1.0 -14.78 1.38 0.92 -1.08 2012122906 WUKONG
23.0 1.0 -15.02 1.42 0.92 null 2012122912 WUKONG
