0.0 1.0 -12.88 1.94 1.0 -1.2 2012032600 PAKHAR
1.0 1.0 -12.94 1.92 0.96 -1.2 2012032606 PAKHAR
2.0 1.0 -13.0 1.92 0.96 -1.2 2012032612 PAKHAR
3.0 1.0 -13.04 1.88 1.0 -1.08 2012032618 PAKHAR
4.0 1.0 -13.1 1.88 1.0 -1.08 2012032700 PAKHAR
5.0 1.0 -13.14 1.88 0.96 -1.0 2012032706 PAKHAR
6.0 1.0 -13.2 1.88 0.96 -1.0 2012032712 PAKHAR
7.0 1.0 -13.28 1.88 0.96 -1.0 2012032718 PAKHAR
8.0 1.0 -13.32 1.88 1.0 -1.0 2012032800 PAKHAR
9.0 1.0 -13.38 1.88 0.96 -1.0 2012032806 PAKHAR
10.0 1.0 -13.44 1.88 0.96 -1.0 2012032812 PAKHAR
11.0 1.0 -13.48 1.9 0.96 -1.0 2012032818 PAKHAR
12.0 1.0 -13.52 1.92 0.96 -1.0 2012032900 PAKHAR
13.0 1.0 -13.56 1.92 0.92 -0.88 2012032906 PAKHAR
14.0 1.0 -13.62 1.94 0.88 -0.2 2012032912 PAKHAR
15.0 1.0 -13.66 1.94 0.84 -0.2 2012032918 PAKHAR
16.0 1.0 -13.72 1.94 0.8 0.0 2012033000 PAKHAR
17.0 1.0 -13.78 1.94 0.76 0.0 2012033006 PAKHAR
18.0 1.0 -13.84 1.94 0.76 0.0 2012033012 PAKHAR
19.0 1.0 -13.9 1.94 0.76 0.0 2012033018 PAKHAR
20.0 1.0 -13.98 1.94 0.76 0.0 2012033100 PAKHAR
21.0 1.0 -14.06 1.94 0.76 0.0 2012033106 PAKHAR
22.0 1.0 -14.14 1.94 0.76 0.0 2012033112 PAKHAR
23.0 1.0 -14.24 1.94 0.76 0.0 2012033118 PAKHAR
24.0 1.0 -14.32 1.98 0.76 0.0 2012040100 PAKHAR
25.0 1.0 -14.44 2.02 0.8 0.0 2012040106 PAKHAR
26.0 1.0 -14.54 2.14 0.84 -0.2 2012040112 PAKHAR
27.0 1.0 -14.62 2.22 0.88 -0.2 2012040118 PAKHAR
28.0 1.0 -14.7 2.34 0.92 -1.12 2012040200 PAKHAR
29.0 1.0 -14.78 2.44 0.96 -1.28 2012040206 PAKHAR
