0.0 1.0 -9.0 1.28 0.96 -1.0 2012102112 SON-TINH
1.0 1.0 -9.24 1.38 0.88 -1.0 2012102118 SON-TINH
2.0 1.0 -9.32 1.5 0.92 -1.0 2012102200 SON-TINH
3.0 1.0 -9.46 1.62 0.88 -1.0 2012102206 SON-TINH
4.0 1.0 -9.64 1.74 0.88 -1.0 2012102212 SON-TINH
5.0 1.0 -9.82 1.76 0.88 -1.0 2012102218 SON-TINH
6.0 1.0 -10.04 1.7 0.88 -1.0 2012102300 SON-TINH
7.0 1.0 -10.24 1.66 0.8 -1.0 2012102306 SON-TINH
8.0 1.0 -10.4 1.72 0.8 -0.2 2012102312 SON-TINH
9.0 1.0 -10.52 1.78 0.76 -0.2 2012102318 SON-TINH
10.0 1.0 -10.72 1.94 0.76 -0.2 2012102400 SON-TINH
11.0 1.0 -10.98 2.14 0.72 -0.2 2012102406 SON-TINH
12.0 1.0 -11.2 2.28 0.76 -0.2 2012102412 SON-TINH
13.0 1.0 -11.5 2.4 0.72 0.0 2012102418 SON-TINH
14.0 1.0 -11.8 2.56 0.76 0.0 2012102500 SON-TINH
15.0 1.0 -12.1 2.76 0.76 0.0 2012102506 SON-TINH
16.0 1.0 -12.42 2.84 0.76 0.0 2012102512 SON-TINH
17.0 1.0 -12.62 2.88 0.72 0.0 2012102518 SON-TINH
18.0 1.0 -12.86 2.92 0.6 0.2 2012102600 SON-TINH
19.0 1.0 -13.08 2.98 0.4 0.6 2012102606 SON-TINH
20.0 1.0 -13.3 3.1 0.4 0.6 2012102612 SON-TINH
21.0 1.0 -13.54 3.22 0.3 0.8 2012102618 SON-TINH
22.0 1.0 -13.8 3.32 0.3 0.8 2012102700 SON-TINH
23.0 1.0 -14.06 3.4 0.1 1.2 2012102706 SON-TINH
24.0 1.0 -14.22 3.5 -0.3 1.8 2012102712 SON-TINH
25.0 1.0 -14.42 3.62 -0.1 1.6 2012102718 SON-TINH
26.0 1.0 -14.52 3.68 0.1 1.4 2012102800 SON-TINH
27.0 1.0 -14.58 3.84 0.2 1.2 2012102806 SON-TINH
28.0 1.0 -14.64 3.98 0.4 0.8 2012102812 SON-TINH
29.0 1.0 -14.68 4.14 0.6 0.2 2012102818 SON-TINH
30.0 1.0 -14.58 4.24 0.88 -0.2 2012102900 SON-TINH
31.0 1.0 -14.5 4.28 0.96 -0.96 2012102906 SON-TINH
32.0 1.0 -14.42 4.32 0.96 -1.12 2012102912 SON-TINH
