0.0 1.0 -9.96 1.58 0.88 -0.96 2012021418 UNNAMED_N08130
1.0 1.0 -10.32 1.78 0.88 -0.96 2012021500 UNNAMED_N08130
2.0 1.0 -10.56 1.92 0.88 -0.96 2012021506 UNNAMED_N08130
3.0 1.0 -10.84 2.04 0.92 -0.96 2012021512 UNNAMED_N08130
4.0 1.0 -11.1 2.2 0.92 -0.96 2012021518 UNNAMED_N08130
5.0 1.0 -11.4 2.1 0.92 -1.08 2012021600 UNNAMED_N08130
6.0 1.0 -11.66 1.96 0.92 -1.08 2012021606 UNNAMED_N08130
7.0 1.0 -11.92 1.9 0.92 -1.08 2012021612 UNNAMED_N08130
8.0 1.0 -12.24 1.9 0.92 -1.08 2012021618 UNNAMED_N08130
9.0 1.0 -12.6 1.92 0.92 -0.96 2012021700 UNNAMED_N08130
10.0 1.0 -12.88 1.96 0.88 -0.96 2012021706 UNNAMED_N08130
11.0 1.0 -13.14 1.96 0.88 -0.96 2012021712 UNNAMED_N08130
12.0 1.0 -13.34 1.98 0.88 -0.96 2012021718 UNNAMED_N08130
13.0 1.0 -13.44 2.0 0.88 -0.96 2012021800 UNNAMED_N08130
14.0 1.0 -13.48 2.0 0.88 -0.96 2012021806 UNNAMED_N08130
15.0 1.0 -13.44 2.02 0.88 -0.96 2012021812 UNNAMED_N08130
16.0 1.0 -13.5 2.02 0.88 -0.96 2012021818 UNNAMED_N08130
17.0 1.0 -13.5 1.98 0.88 -0.96 2012021900 UNNAMED_N08130
18.0 1.0 -13.56 2.04 0.88 -0.96 2012021906 UNNAMED_N08130
19.0 1.0 -13.58 1.98 0.88 -0.96 2012021912 UNNAMED_N08130
20.0 1.0 -13.58 1.92 0.88 -0.96 2012021918 UNNAMED_N08130
21.0 1.0 -13.62 1.86 0.88 -0.96 2012022000 UNNAMED_N08130
22.0 1.0 -13.68 1.8 0.88 -0.96 2012022006 UNNAMED_N08130
23.0 1.0 -13.72 1.82 0.88 -0.96 2012022012 UNNAMED_N08130
24.0 1.0 -13.76 1.82 0.88 -0.96 2012022018 UNNAMED_N08130
25.0 1.0 -13.84 1.88 0.88 -0.96 2012022100 UNNAMED_N08130
26.0 1.0 -13.94 1.88 0.92 -1.08 2012022106 UNNAMED_N08130
