0.0 1.0 -9.34 3.24 null null 2012081112 KAI-TAK
1.0 1.0 -9.44 3.26 null null 2012081118 KAI-TAK
2.0 1.0 -9.56 3.32 0.88 -1.08 2012081200 KAI-TAK
3.0 1.0 -9.82 3.34 0.84 -1.08 2012081206 KAI-TAK
4.0 1.0 -10.0 3.34 0.8 -1.0 2012081212 KAI-TAK
5.0 1.0 -10.16 3.36 0.8 -1.0 2012081218 KAI-TAK
6.0 1.0 -10.34 3.34 0.76 -0.2 2012081300 KAI-TAK
7.0 1.0 -10.5 3.34 0.76 -0.2 2012081306 KAI-TAK
8.0 1.0 -10.64 3.36 0.68 0.0 2012081312 KAI-TAK
9.0 1.0 -10.74 3.42 0.64 0.0 2012081318 KAI-TAK
10.0 1.0 -10.86 3.52 0.64 0.0 2012081400 KAI-TAK
11.0 1.0 -11.06 3.52 0.64 0.0 2012081406 KAI-TAK
12.0 1.0 -11.28 3.46 0.64 0.0 2012081412 KAI-TAK
13.0 1.0 -11.4 3.48 0.64 0.0 2012081418 KAI-TAK
14.0 1.0 -11.56 3.6 0.64 0.0 2012081500 KAI-TAK
15.0 1.0 -11.84 3.74 0.6 0.2 2012081506 KAI-TAK
16.0 1.0 -12.1 3.76 0.5 0.4 2012081512 KAI-TAK
17.0 1.0 -12.36 3.78 0.3 0.8 2012081518 KAI-TAK
18.0 1.0 -12.58 3.82 0.3 0.8 2012081600 KAI-TAK
19.0 1.0 -12.86 3.86 0.3 0.8 2012081606 KAI-TAK
20.0 1.0 -13.14 3.94 0.2 1.0 2012081612 KAI-TAK
21.0 1.0 -13.44 4.04 0.2 1.0 2012081618 KAI-TAK
22.0 1.0 -13.72 4.14 0.2 1.0 2012081700 KAI-TAK
23.0 1.0 -14.02 4.22 0.3 0.8 2012081706 KAI-TAK
24.0 1.0 -14.4 4.26 0.3 0.8 2012081712 KAI-TAK
25.0 1.0 -14.66 4.3 0.5 0.4 2012081718 KAI-TAK
26.0 1.0 -14.94 4.38 0.64 0.0 2012081800 KAI-TAK
27.0 1.0 -15.26 4.48 0.72 -1.0 2012081806 KAI-TAK
28.0 1.0 -15.56 4.64 0.8 -1.0 2012081812 KAI-TAK
