0.0 1.0 -10.82 4.28 0.96 -1.08 2012081706 TEMBIN
1.0 1.0 -10.84 4.16 0.96 -1.0 2012081712 TEMBIN
2.0 1.0 -10.82 3.96 0.96 -1.0 2012081718 TEMBIN
3.0 1.0 -10.8 3.8 0.96 -1.0 2012081800 TEMBIN
4.0 1.0 -10.84 3.74 0.92 -1.0 2012081806 TEMBIN
5.0 1.0 -10.92 3.66 0.92 -1.0 2012081812 TEMBIN
6.0 1.0 -10.98 3.6 0.92 -1.0 2012081818 TEMBIN
7.0 1.0 -11.04 3.54 0.88 -0.88 2012081900 TEMBIN
8.0 1.0 -11.04 3.52 0.8 -0.2 2012081906 TEMBIN
9.0 1.0 -11.04 3.52 0.72 0.0 2012081912 TEMBIN
10.0 1.0 -11.06 3.54 0.64 0.2 2012081918 TEMBIN
11.0 1.0 -11.04 3.6 0.4 0.6 2012082000 TEMBIN
12.0 1.0 -11.02 3.68 0.1 1.2 2012082006 TEMBIN
13.0 1.0 -10.96 3.78 -0.2 1.6 2012082012 TEMBIN
14.0 1.0 -10.94 3.9 -0.2 1.6 2012082018 TEMBIN
15.0 1.0 -10.92 4.04 -0.2 1.6 2012082100 TEMBIN
16.0 1.0 -10.92 4.22 -0.2 1.6 2012082106 TEMBIN
17.0 1.0 -10.96 4.36 -0.2 1.6 2012082112 TEMBIN
18.0 1.0 -11.0 4.42 -0.1 1.4 2012082118 TEMBIN
19.0 1.0 -11.08 4.46 0.1 1.2 2012082200 TEMBIN
20.0 1.0 -11.12 4.5 0.1 1.2 2012082206 TEMBIN
21.0 1.0 -11.16 4.5 0.1 1.2 2012082212 TEMBIN
22.0 1.0 -11.22 4.5 0.1 1.2 2012082218 TEMBIN
23.0 1.0 -11.28 4.52 -0.2 1.6 2012082300 TEMBIN
24.0 1.0 -11.36 4.54 -0.2 1.6 2012082306 TEMBIN
25.0 1.0 -11.5 4.54 -0.2 1.6 2012082312 TEMBIN
26.0 1.0 -11.72 4.48 -0.1 1.4 2012082318 TEMBIN
27.0 1.0 -11.88 4.44 0.2 1.0 2012082400 TEMBIN
28.0 1.0 -12.02 4.46 0.2 1.0 2012082406 TEMBIN
29.0 1.0 -12.1 4.48 0.2 1.0 2012082412 TEMBIN
30.0 1.0 -12.22 4.5 0.2 1.0 2012082418 TEMBIN
31.0 1.0 -12.32 4.5 0.2 1.0 2012082500 TEMBIN
32.0 1.0 -12.44 4.46 0.2 1.0 2012082506 TEMBIN
33.0 1.0 -12.58 4.38 0.2 1.0 2012082512 TEMBIN
34.0 1.0 -12.64 4.28 0.2 1.0 2012082518 TEMBIN
35.0 1.0 -12.64 4.2 0.2 1.0 2012082600 TEMBIN
36.0 1.0 -12.64 4.16 0.1 1.2 2012082606 TEMBIN
37.0 1.0 -12.6 4.12 0.1 1.2 2012082612 TEMBIN
38.0 1.0 -12.5 4.1 0.1 1.2 2012082618 TEMBIN
39.0 1.0 -12.38 4.08 0.1 1.2 2012082700 TEMBIN
40.0 1.0 -12.24 4.16 0.1 1.2 2012082706 TEMBIN
41.0 1.0 -12.02 4.26 0.1 1.2 2012082712 TEMBIN
42.0 1.0 -11.82 4.36 0.1 1.2 2012082718 TEMBIN
43.0 1.0 -11.6 4.56 0.2 1.0 2012082800 TEMBIN
44.0 1.0 -11.42 4.8 0.2 1.0 2012082806 TEMBIN
45.0 1.0 -11.28 5.04 0.3 0.8 2012082812 TEMBIN
46.0 1.0 -11.26 5.28 0.4 0.6 2012082818 TEMBIN
47.0 1.0 -11.24 5.5 0.4 0.6 2012082900 TEMBIN
48.0 1.0 -11.18 5.76 0.4 0.6 2012082906 TEMBIN
49.0 1.0 -11.04 6.08 0.4 0.6 2012082912 TEMBIN
50.0 1.0 -10.98 6.44 0.4 0.6 2012082918 TEMBIN
51.0 1.0 -10.74 6.78 0.5 0.4 2012083000 TEMBIN
52.0 1.0 -10.44 7.14 0.68 0.2 2012083006 TEMBIN
53.0 1.0 -10.14 7.36 0.88 -1.08 2012083012 TEMBIN
54.0 1.0 -9.84 7.64 0.88 -0.88 2012083018 TEMBIN
55.0 1.0 -9.74 7.68 0.92 -0.88 2012083100 TEMBIN
56.0 1.0 -9.62 7.72 0.96 -1.0 2012083106 TEMBIN
57.0 1.0 -9.56 7.74 1.0 -1.12 2012083112 TEMBIN
58.0 1.0 -9.54 7.84 1.0 -1.2 2012083118 TEMBIN
59.0 1.0 -9.52 7.88 1.04 -1.2 2012090100 TEMBIN
