0.0 1.0 -10.28 2.98 0.92 -1.08 2012071812 VICENTE
1.0 1.0 -10.48 3.0 0.88 -1.08 2012071818 VICENTE
2.0 1.0 -10.62 3.02 0.88 -1.08 2012071900 VICENTE
3.0 1.0 -10.74 3.06 0.88 -1.08 2012071906 VICENTE
4.0 1.0 -10.86 3.12 0.88 -1.08 2012071912 VICENTE
5.0 1.0 -10.96 3.22 0.88 -1.08 2012071918 VICENTE
6.0 1.0 -11.08 3.34 0.88 -1.08 2012072000 VICENTE
7.0 1.0 -11.28 3.5 0.84 -1.08 2012072006 VICENTE
8.0 1.0 -11.48 3.72 0.84 -1.08 2012072012 VICENTE
9.0 1.0 -11.78 3.82 0.8 -1.0 2012072018 VICENTE
10.0 1.0 -12.1 3.84 0.8 -1.0 2012072100 VICENTE
11.0 1.0 -12.38 3.84 0.76 -1.0 2012072106 VICENTE
12.0 1.0 -12.6 3.84 0.72 -0.2 2012072112 VICENTE
13.0 1.0 -12.78 3.84 0.64 0.0 2012072118 VICENTE
14.0 1.0 -12.9 3.84 0.6 0.2 2012072200 VICENTE
15.0 1.0 -12.96 3.82 0.6 0.2 2012072206 VICENTE
16.0 1.0 -12.98 3.8 0.6 0.2 2012072212 VICENTE
17.0 1.0 -12.96 3.86 0.5 0.4 2012072218 VICENTE
18.0 1.0 -12.96 3.94 0.5 0.4 2012072300 VICENTE
19.0 1.0 -13.04 4.1 0.3 0.8 2012072306 VICENTE
20.0 1.0 -13.16 4.2 0.1 1.2 2012072312 VICENTE
21.0 1.0 -13.32 4.34 -0.2 1.6 2012072318 VICENTE
22.0 1.0 -13.56 4.48 0.2 0.8 2012072400 VICENTE
23.0 1.0 -13.88 4.58 0.5 0.4 2012072406 VICENTE
24.0 1.0 -14.2 4.62 0.6 0.0 2012072412 VICENTE
25.0 1.0 -14.56 4.6 0.68 -1.08 2012072418 VICENTE
26.0 1.0 -14.82 4.56 0.72 -1.2 2012072500 VICENTE
27.0 1.0 -15.06 4.48 0.72 -1.28 2012072506 VICENTE
