0.0 1.0 -12.38 1.3 0.96 -1.2 2012111200 UNNAMED_N07118
1.0 1.0 -12.56 1.38 0.92 -1.08 2012111206 UNNAMED_N07118
2.0 1.0 -12.74 1.44 0.88 -1.0 2012111212 UNNAMED_N07118
3.0 1.0 -12.92 1.52 0.88 -1.0 2012111218 UNNAMED_N07118
4.0 1.0 -13.14 1.62 0.88 -1.0 2012111300 UNNAMED_N07118
5.0 1.0 -13.36 1.72 0.88 -1.0 2012111306 UNNAMED_N07118
6.0 1.0 -13.56 1.78 0.84 -1.0 2012111312 UNNAMED_N07118
7.0 1.0 -13.8 1.82 0.84 -1.0 2012111318 UNNAMED_N07118
8.0 1.0 -14.04 1.74 0.84 -1.0 2012111400 UNNAMED_N07118
9.0 1.0 -14.18 1.74 0.84 -1.0 2012111406 UNNAMED_N07118
10.0 1.0 -14.32 1.74 0.84 -1.0 2012111412 UNNAMED_N07118
11.0 1.0 -14.44 1.8 0.84 -1.0 2012111418 UNNAMED_N07118
12.0 1.0 -14.52 1.86 0.88 -1.08 2012111500 UNNAMED_N07118
13.0 1.0 -14.58 1.96 0.92 -1.08 2012111506 UNNAMED_N07118
14.0 1.0 -14.64 2.14 0.92 -1.2 2012111512 UNNAMED_N07118
15.0 1.0 -14.68 2.36 0.96 -1.28 2012111518 UNNAMED_N07118
