0.0 1.0 -7.8 1.4 0.1 -0.08 2013110106 UNNAMED_N07141
1.0 1.0 -8.08 1.42 -0.1 0.08 2013110112 UNNAMED_N07141
2.0 1.0 -8.34 1.4 -0.2 0.2 2013110118 UNNAMED_N07141
3.0 1.0 -8.6 1.42 -0.2 0.2 2013110200 UNNAMED_N07141
4.0 1.0 -8.82 1.42 -0.2 0.2 2013110206 UNNAMED_N07141
5.0 1.0 -8.98 1.46 -0.1 0.08 2013110212 UNNAMED_N07141
6.0 1.0 -9.16 1.5 0.3 -0.2 2013110218 UNNAMED_N07141
7.0 1.0 -9.4 1.64 0.88 -1.08 2013110300 UNNAMED_N07141
8.0 1.0 -9.78 1.72 0.88 -1.08 2013110306 UNNAMED_N07141
9.0 1.0 -10.12 1.78 0.84 -1.0 2013110312 UNNAMED_N07141
10.0 1.0 -10.46 1.84 0.84 -1.0 2013110318 UNNAMED_N07141
11.0 1.0 -10.72 1.88 0.8 -0.88 2013110400 UNNAMED_N07141
12.0 1.0 -11.0 1.96 0.7 -0.8 2013110406 UNNAMED_N07141
13.0 1.0 -11.36 1.98 0.6 -0.68 2013110412 UNNAMED_N07141
14.0 1.0 -11.7 2.08 0.5 -0.6 2013110418 UNNAMED_N07141
15.0 1.0 -12.12 2.16 0.4 -0.4 2013110500 UNNAMED_N07141
16.0 1.0 -12.62 2.16 0.2 -0.2 2013110506 UNNAMED_N07141
17.0 1.0 -12.98 2.22 0.0 0.0 2013110512 UNNAMED_N07141
18.0 1.0 -13.32 2.32 -0.2 0.2 2013110518 UNNAMED_N07141
19.0 1.0 -13.7 2.36 -0.5 0.48 2013110600 UNNAMED_N07141
20.0 1.0 -13.98 2.32 -0.5 0.48 2013110606 UNNAMED_N07141
21.0 1.0 -14.22 2.3 -0.8 0.8 2013110612 UNNAMED_N07141
22.0 1.0 -14.44 2.4 -0.8 0.8 2013110618 UNNAMED_N07141
23.0 1.0 -14.8 2.44 -1.0 1.0 2013110700 UNNAMED_N07141
24.0 1.0 -15.3 2.42 -1.1 1.12 2013110706 UNNAMED_N07141
25.0 1.0 -15.58 2.36 -1.3 1.4 2013110712 UNNAMED_N07141
26.0 1.0 -15.8 2.4 -1.4 1.52 2013110718 UNNAMED_N07141
27.0 1.0 -15.96 2.44 -1.2 1.28 2013110800 UNNAMED_N07141
28.0 1.0 -16.2 2.58 -0.6 0.6 2013110806 UNNAMED_N07141
29.0 1.0 -16.4 2.68 -0.4 0.48 2013110812 UNNAMED_N07141
30.0 1.0 -16.7 2.76 -0.2 0.2 2013110818 UNNAMED_N07141
31.0 1.0 -16.98 2.7 -0.2 0.2 2013110900 UNNAMED_N07141
32.0 1.0 -17.2 2.66 -0.2 0.2 2013110906 UNNAMED_N07141
33.0 1.0 -17.34 2.64 -0.2 0.2 2013110912 UNNAMED_N07141
34.0 1.0 -17.48 2.6 -0.2 0.2 2013110918 UNNAMED_N07141
35.0 1.0 -17.64 2.54 -0.1 0.08 2013111000 UNNAMED_N07141
36.0 1.0 -17.8 2.48 0.0 0.0 2013111006 UNNAMED_N07141
37.0 1.0 -17.94 2.42 0.1 -0.08 2013111012 UNNAMED_N07141
38.0 1.0 -18.04 2.4 0.3 -0.28 2013111018 UNNAMED_N07141
39.0 1.0 -18.1 2.38 0.4 -0.48 2013111100 UNNAMED_N07141
40.0 1.0 -18.18 2.36 0.7 -0.8 2013111106 UNNAMED_N07141
41.0 1.0 -18.3 2.28 0.76 -1.0 2013111112 UNNAMED_N07141
42.0 1.0 -18.42 2.2 null null 2013111118 UNNAMED_N07141
43.0 1.0 -18.54 2.12 0.88 -1.08 2013111200 UNNAMED_N07141
44.0 1.0 -18.6 2.12 0.84 -1.08 2013111206 UNNAMED_N07141
45.0 1.0 -18.64 2.12 0.88 -1.08 2013111212 UNNAMED_N07141
46.0 1.0 -18.66 2.14 0.84 -1.0 2013111218 UNNAMED_N07141
47.0 1.0 -18.7 2.18 0.88 -0.6 2013111300 UNNAMED_N07141
48.0 1.0 -18.78 2.24 0.88 -0.6 2013111306 UNNAMED_N07141
49.0 1.0 -18.8 2.24 0.86 -0.6 2013111312 UNNAMED_N07141
50.0 1.0 -18.88 2.24 0.86 -0.6 2013111318 UNNAMED_N07141
51.0 1.0 -18.94 2.22 0.86 -0.6 2013111400 UNNAMED_N07141
52.0 1.0 -18.96 2.2 0.86 -0.6 2013111406 UNNAMED_N07141
53.0 1.0 -19.02 2.08 0.86 -0.6 2013111412 UNNAMED_N07141
54.0 1.0 -19.08 2.02 0.86 -0.6 2013111418 UNNAMED_N07141
55.0 1.0 -19.18 1.94 0.86 -0.6 2013111500 UNNAMED_N07141
56.0 1.0 -19.3 1.88 0.86 -0.6 2013111506 UNNAMED_N07141
57.0 1.0 -19.42 1.92 0.86 -0.6 2013111512 UNNAMED_N07141
58.0 1.0 -19.6 2.04 0.86 -0.6 2013111518 UNNAMED_N07141
59.0 1.0 -19.74 2.12 0.86 -0.6 2013111600 UNNAMED_N07141
60.0 1.0 -20.0 2.2 0.86 -0.6 2013111606 UNNAMED_N07141
61.0 1.0 -20.22 2.22 null -0.6 2013111612 UNNAMED_N07141
62.0 1.0 -20.48 2.26 null -0.6 2013111618 UNNAMED_N07141
63.0 1.0 -20.74 2.24 null null 2013111700 UNNAMED_N07141
64.0 1.0 -20.98 2.2 null null 2013111706 UNNAMED_N07141
65.0 1.0 -21.26 2.18 null null 2013111712 UNNAMED_N07141
66.0 1.0 -21.48 2.24 null null 2013111718 UNNAMED_N07141
67.0 1.0 -21.76 2.32 null null 2013111800 UNNAMED_N07141
68.0 1.0 -21.98 2.42 null null 2013111806 UNNAMED_N07141
69.0 1.0 -22.28 2.5 null null 2013111812 UNNAMED_N07141
70.0 1.0 -22.52 2.5 null null 2013111818 UNNAMED_N07141
71.0 1.0 -22.78 2.5 null null 2013111900 UNNAMED_N07141
72.0 1.0 -23.1 2.44 null null 2013111906 UNNAMED_N07141
73.0 1.0 -23.44 2.46 null null 2013111912 UNNAMED_N07141
74.0 1.0 -23.72 2.54 null null 2013111918 UNNAMED_N07141
75.0 1.0 -24.02 2.56 null null 2013112000 UNNAMED_N07141
76.0 1.0 -24.12 2.56 null null 2013112006 UNNAMED_N07141
77.0 1.0 -24.34 2.6 null null 2013112012 UNNAMED_N07141
78.0 1.0 -24.58 2.56 null null 2013112018 UNNAMED_N07141
79.0 1.0 -24.8 2.5 null null 2013112100 UNNAMED_N07141
