0.0 1.0 -10.04 1.2 0.8 -1.0 2013111112 PODUL
1.0 1.0 -10.36 1.36 0.8 null 2013111118 PODUL
2.0 1.0 -10.66 1.52 0.88 -1.08 2013111200 PODUL
3.0 1.0 -10.9 1.64 0.84 -1.08 2013111206 PODUL
4.0 1.0 -11.2 1.82 0.88 -1.08 2013111212 PODUL
5.0 1.0 -11.6 1.92 0.84 -1.0 2013111218 PODUL
6.0 1.0 -11.94 2.04 0.92 -1.0 2013111300 PODUL
7.0 1.0 -12.28 2.16 0.84 -1.0 2013111306 PODUL
8.0 1.0 -12.54 2.2 0.88 -1.0 2013111312 PODUL
9.0 1.0 -12.78 2.28 0.88 -1.0 2013111318 PODUL
10.0 1.0 -13.04 2.38 0.88 -1.0 2013111400 PODUL
11.0 1.0 -13.4 2.38 0.88 -1.0 2013111406 PODUL
12.0 1.0 -13.66 2.38 0.84 -0.2 2013111412 PODUL
13.0 1.0 -13.94 2.38 0.84 -0.2 2013111418 PODUL
14.0 1.0 -14.24 2.42 0.92 -1.0 2013111500 PODUL
15.0 1.0 -14.54 2.34 0.92 -1.08 2013111506 PODUL
