0.0 1.0 -15.34 1.46 null null 2013111918 LEHAR
1.0 1.0 -15.38 1.36 null null 2013112000 LEHAR
2.0 1.0 -15.48 1.38 null null 2013112006 LEHAR
3.0 1.0 -15.54 1.3 null null 2013112012 LEHAR
4.0 1.0 -15.6 1.26 null null 2013112018 LEHAR
5.0 1.0 -15.66 1.26 null null 2013112100 LEHAR
6.0 1.0 -15.76 1.28 null null 2013112106 LEHAR
7.0 1.0 -15.88 1.34 null null 2013112112 LEHAR
8.0 1.0 -16.02 1.34 null null 2013112118 LEHAR
9.0 1.0 -16.12 1.32 null null 2013112200 LEHAR
10.0 1.0 -16.2 1.26 null null 2013112206 LEHAR
11.0 1.0 -16.3 1.26 null null 2013112212 LEHAR
12.0 1.0 -16.34 1.36 null null 2013112218 LEHAR
13.0 1.0 -16.44 1.46 null null 2013112300 LEHAR
14.0 1.0 -16.56 1.6 null null 2013112306 LEHAR
15.0 1.0 -16.68 1.74 0.88 -0.6 2013112312 LEHAR
16.0 1.0 -16.78 1.84 0.84 -0.4 2013112318 LEHAR
17.0 1.0 -16.96 2.0 0.78 -0.2 2013112400 LEHAR
18.0 1.0 -17.08 2.12 0.76 0.0 2013112406 LEHAR
19.0 1.0 -17.26 2.2 0.72 0.2 2013112412 LEHAR
20.0 1.0 -17.36 2.3 0.72 0.2 2013112418 LEHAR
21.0 1.0 -17.48 2.36 0.64 0.6 2013112500 LEHAR
22.0 1.0 -17.62 2.4 0.56 0.6 2013112506 LEHAR
23.0 1.0 -17.68 2.46 0.56 0.8 2013112512 LEHAR
24.0 1.0 -17.78 2.48 0.56 0.6 2013112518 LEHAR
25.0 1.0 -17.9 2.5 0.44 1.2 2013112600 LEHAR
26.0 1.0 -18.08 2.52 0.44 1.2 2013112606 LEHAR
27.0 1.0 -18.26 2.6 0.44 1.2 2013112612 LEHAR
28.0 1.0 -18.38 2.64 0.4 1.4 2013112618 LEHAR
29.0 1.0 -18.6 2.72 0.4 1.4 2013112700 LEHAR
30.0 1.0 -18.8 2.78 0.44 1.2 2013112706 LEHAR
31.0 1.0 -18.98 2.84 0.56 0.6 2013112712 LEHAR
32.0 1.0 -19.18 2.92 0.72 0.2 2013112718 LEHAR
33.0 1.0 -19.5 3.02 0.8 -0.4 2013112800 LEHAR
34.0 1.0 -19.66 3.06 0.8 -0.4 2013112806 LEHAR
35.0 1.0 -19.8 3.1 0.88 -0.8 2013112812 LEHAR
36.0 1.0 -20.0 3.08 null null 2013112818 LEHAR
37.0 1.0 -20.24 3.22 null null 2013112900 LEHAR
