0.0 1.0 -7.78 0.9 0.92 -1.2 2013010100 SONAMU
1.0 1.0 -8.2 0.92 0.88 -1.2 2013010106 SONAMU
2.0 1.0 -8.64 0.98 0.92 -1.2 2013010112 SONAMU
3.0 1.0 -9.08 1.12 0.92 -1.08 2013010118 SONAMU
4.0 1.0 -9.54 1.26 0.92 -1.08 2013010200 SONAMU
5.0 1.0 -9.98 1.4 0.88 -1.08 2013010206 SONAMU
6.0 1.0 -10.38 1.52 0.92 -1.08 2013010212 SONAMU
7.0 1.0 -10.76 1.62 0.88 -1.0 2013010218 SONAMU
8.0 1.0 -11.26 1.72 0.92 -1.0 2013010300 SONAMU
9.0 1.0 -11.72 1.76 0.88 -1.0 2013010306 SONAMU
10.0 1.0 -12.08 1.74 0.84 -0.2 2013010312 SONAMU
11.0 1.0 -12.42 1.72 0.84 -0.2 2013010318 SONAMU
12.0 1.0 -12.7 1.7 0.84 -0.2 2013010400 SONAMU
13.0 1.0 -12.94 1.68 0.76 0.0 2013010406 SONAMU
14.0 1.0 -13.16 1.66 0.72 0.0 2013010412 SONAMU
15.0 1.0 -13.38 1.64 0.64 0.2 2013010418 SONAMU
16.0 1.0 -13.58 1.6 0.6 0.4 2013010500 SONAMU
17.0 1.0 -13.72 1.56 0.6 0.4 2013010506 SONAMU
18.0 1.0 -13.82 1.54 0.6 0.4 2013010512 SONAMU
19.0 1.0 -13.92 1.48 0.6 0.4 2013010518 SONAMU
20.0 1.0 -13.98 1.48 0.6 0.4 2013010600 SONAMU
21.0 1.0 -14.08 1.46 0.68 0.2 2013010606 SONAMU
22.0 1.0 -14.2 1.44 0.68 0.2 2013010612 SONAMU
23.0 1.0 -14.28 1.38 0.68 0.2 2013010618 SONAMU
24.0 1.0 -14.34 1.32 0.68 0.2 2013010700 SONAMU
25.0 1.0 -14.36 1.28 0.72 0.0 2013010706 SONAMU
26.0 1.0 -14.36 1.22 0.76 -0.2 2013010712 SONAMU
27.0 1.0 -14.36 1.18 0.8 -0.2 2013010718 SONAMU
28.0 1.0 -14.34 1.16 0.88 -1.0 2013010800 SONAMU
29.0 1.0 -14.24 1.08 0.92 -1.0 2013010806 SONAMU
30.0 1.0 -14.18 1.02 0.96 -1.0 2013010812 SONAMU
31.0 1.0 -14.06 0.92 0.92 -1.08 2013010818 SONAMU
32.0 1.0 -13.92 0.86 0.92 -1.08 2013010900 SONAMU
33.0 1.0 -13.86 0.8 0.92 -1.2 2013010906 SONAMU
34.0 1.0 -13.76 0.72 0.92 null 2013010912 SONAMU
35.0 1.0 -13.7 0.64 0.92 null 2013010918 SONAMU
36.0 1.0 -13.6 0.66 0.96 null 2013011000 SONAMU
