0.0 1.0 -8.54 2.44 null null 2013080806 UTOR
1.0 1.0 -8.68 2.46 0.96 null 2013080812 UTOR
2.0 1.0 -8.82 2.54 0.92 -1.0 2013080818 UTOR
3.0 1.0 -8.98 2.66 0.92 -1.0 2013080900 UTOR
4.0 1.0 -9.26 2.72 0.88 -1.0 2013080906 UTOR
5.0 1.0 -9.48 2.72 0.88 -0.88 2013080912 UTOR
6.0 1.0 -9.66 2.72 0.84 -0.2 2013080918 UTOR
7.0 1.0 -9.88 2.72 0.64 0.2 2013081000 UTOR
8.0 1.0 -10.16 2.78 0.1 1.2 2013081006 UTOR
9.0 1.0 -10.36 2.8 -0.1 1.6 2013081012 UTOR
10.0 1.0 -10.58 2.84 -0.1 1.6 2013081018 UTOR
11.0 1.0 -10.82 2.9 -0.2 1.8 2013081100 UTOR
12.0 1.0 -11.04 3.02 -0.4 2.0 2013081106 UTOR
13.0 1.0 -11.3 3.1 -0.7 2.6 2013081112 UTOR
14.0 1.0 -11.56 3.22 -0.5 2.2 2013081118 UTOR
15.0 1.0 -11.84 3.32 -0.1 1.4 2013081200 UTOR
16.0 1.0 -12.18 3.44 0.1 1.2 2013081206 UTOR
17.0 1.0 -12.4 3.56 0.1 1.2 2013081212 UTOR
18.0 1.0 -12.68 3.62 0.1 1.2 2013081218 UTOR
19.0 1.0 -12.96 3.66 0.0 1.2 2013081300 UTOR
20.0 1.0 -13.18 3.78 0.0 1.2 2013081306 UTOR
21.0 1.0 -13.3 3.86 0.0 1.2 2013081312 UTOR
22.0 1.0 -13.4 3.96 0.0 1.2 2013081318 UTOR
23.0 1.0 -13.54 4.12 0.0 1.2 2013081400 UTOR
24.0 1.0 -13.6 4.32 0.1 1.0 2013081406 UTOR
25.0 1.0 -13.74 4.4 0.3 0.8 2013081412 UTOR
26.0 1.0 -13.82 4.48 0.5 0.2 2013081418 UTOR
27.0 1.0 -13.86 4.6 0.68 -0.2 2013081500 UTOR
28.0 1.0 -13.82 4.74 0.68 -0.2 2013081506 UTOR
29.0 1.0 -13.78 4.82 0.72 -1.0 2013081512 UTOR
30.0 1.0 -13.74 4.88 0.72 -1.0 2013081518 UTOR
31.0 1.0 -13.68 4.94 0.72 -1.08 2013081600 UTOR
32.0 1.0 -13.7 4.96 0.72 -1.0 2013081606 UTOR
33.0 1.0 -13.76 4.96 0.72 -0.88 2013081612 UTOR
34.0 1.0 -13.84 4.94 0.72 -0.88 2013081618 UTOR
35.0 1.0 -13.92 4.86 0.72 -0.68 2013081700 UTOR
36.0 1.0 -13.98 4.78 0.72 -0.68 2013081706 UTOR
37.0 1.0 -14.02 4.74 0.72 -0.6 2013081712 UTOR
38.0 1.0 -14.06 4.68 0.72 -0.6 2013081718 UTOR
39.0 1.0 -14.14 4.66 0.76 -0.6 2013081800 UTOR
40.0 1.0 -14.22 4.62 0.76 -0.48 2013081806 UTOR
