0.0 1.0 -9.8 1.0 0.84 -1.08 2013021806 SHANSHAN
1.0 1.0 -10.14 1.12 0.84 -1.08 2013021812 SHANSHAN
2.0 1.0 -10.5 1.18 0.84 -1.08 2013021818 SHANSHAN
3.0 1.0 -10.68 1.18 0.88 -1.08 2013021900 SHANSHAN
4.0 1.0 -10.98 1.18 0.88 -1.08 2013021906 SHANSHAN
5.0 1.0 -11.22 1.28 0.88 -1.08 2013021912 SHANSHAN
6.0 1.0 -11.46 1.42 0.88 -1.08 2013021918 SHANSHAN
7.0 1.0 -11.72 1.46 0.88 -1.08 2013022000 SHANSHAN
8.0 1.0 -11.86 1.5 0.84 -1.08 2013022006 SHANSHAN
9.0 1.0 -12.04 1.52 0.88 -1.08 2013022012 SHANSHAN
10.0 1.0 -12.4 1.52 0.88 -1.0 2013022018 SHANSHAN
11.0 1.0 -12.86 1.56 0.88 -1.0 2013022100 SHANSHAN
12.0 1.0 -13.34 1.5 0.88 -1.0 2013022106 SHANSHAN
13.0 1.0 -13.68 1.42 0.88 -1.0 2013022112 SHANSHAN
14.0 1.0 -13.98 1.24 0.84 -0.2 2013022118 SHANSHAN
15.0 1.0 -14.06 1.12 0.84 -0.2 2013022200 SHANSHAN
16.0 1.0 -14.04 1.06 0.84 -0.2 2013022206 SHANSHAN
17.0 1.0 -14.04 0.98 0.88 -0.88 2013022212 SHANSHAN
18.0 1.0 -14.08 0.92 0.88 -0.88 2013022218 SHANSHAN
19.0 1.0 -14.14 0.8 0.92 -1.0 2013022300 SHANSHAN
20.0 1.0 -14.1 0.7 0.96 -1.2 2013022306 SHANSHAN
