0.0 1.0 -12.38 2.18 0.92 -1.08 2013080500 MANGKHUT
1.0 1.0 -12.62 2.26 0.88 -1.0 2013080506 MANGKHUT
2.0 1.0 -12.9 2.4 0.88 -1.0 2013080512 MANGKHUT
3.0 1.0 -13.22 2.6 0.88 -1.0 2013080518 MANGKHUT
4.0 1.0 -13.42 2.78 0.84 -1.0 2013080600 MANGKHUT
5.0 1.0 -13.62 2.98 0.84 -1.0 2013080606 MANGKHUT
6.0 1.0 -13.84 3.18 0.76 -0.2 2013080612 MANGKHUT
7.0 1.0 -14.06 3.4 0.72 -0.2 2013080618 MANGKHUT
8.0 1.0 -14.28 3.6 0.68 0.0 2013080700 MANGKHUT
9.0 1.0 -14.56 3.76 0.64 0.0 2013080706 MANGKHUT
10.0 1.0 -14.74 3.88 0.68 0.0 2013080712 MANGKHUT
11.0 1.0 -14.94 3.96 0.72 -0.2 2013080718 MANGKHUT
12.0 1.0 -15.16 3.98 0.8 -1.0 2013080800 MANGKHUT
13.0 1.0 -15.28 4.2 null null 2013080806 MANGKHUT
