0.0 1.0 -9.5 1.82 0.96 null 2013062700 RUMBIA
1.0 1.0 -9.58 1.82 0.92 -1.08 2013062706 RUMBIA
2.0 1.0 -9.72 1.8 0.92 -1.08 2013062712 RUMBIA
3.0 1.0 -9.94 1.8 0.88 -1.08 2013062718 RUMBIA
4.0 1.0 -10.14 1.88 0.92 -1.0 2013062800 RUMBIA
5.0 1.0 -10.3 1.98 0.92 -1.0 2013062806 RUMBIA
6.0 1.0 -10.44 2.08 0.84 -0.2 2013062812 RUMBIA
7.0 1.0 -10.66 2.24 0.84 -0.2 2013062818 RUMBIA
8.0 1.0 -10.96 2.34 0.84 -0.2 2013062900 RUMBIA
9.0 1.0 -11.18 2.5 0.84 -0.2 2013062906 RUMBIA
10.0 1.0 -11.42 2.7 0.84 -0.2 2013062912 RUMBIA
11.0 1.0 -11.74 2.8 0.8 -0.2 2013062918 RUMBIA
12.0 1.0 -12.04 2.92 0.8 -0.2 2013063000 RUMBIA
13.0 1.0 -12.3 3.1 0.72 0.0 2013063006 RUMBIA
14.0 1.0 -12.56 3.32 0.68 0.0 2013063012 RUMBIA
15.0 1.0 -12.9 3.52 0.6 0.2 2013063018 RUMBIA
16.0 1.0 -13.2 3.66 0.6 0.2 2013070100 RUMBIA
17.0 1.0 -13.46 3.82 0.5 0.4 2013070106 RUMBIA
18.0 1.0 -13.66 3.94 0.5 0.4 2013070112 RUMBIA
19.0 1.0 -13.88 4.12 0.6 0.2 2013070118 RUMBIA
20.0 1.0 -14.02 4.28 0.64 0.2 2013070200 RUMBIA
21.0 1.0 -14.16 4.56 0.72 -0.2 2013070206 RUMBIA
22.0 1.0 -14.32 4.82 0.8 -1.0 2013070212 RUMBIA
23.0 1.0 -14.56 5.04 0.8 -1.2 2013070218 RUMBIA
