0.0 1.0 -12.32 2.98 0.92 -1.08 2013092518 WUTIP
1.0 1.0 -12.42 2.96 0.92 -1.08 2013092600 WUTIP
2.0 1.0 -12.42 2.92 0.88 -1.0 2013092606 WUTIP
3.0 1.0 -12.42 3.02 0.92 -1.0 2013092612 WUTIP
4.0 1.0 -12.46 3.1 0.88 -1.0 2013092618 WUTIP
5.0 1.0 -12.56 3.24 0.88 -1.0 2013092700 WUTIP
6.0 1.0 -12.74 3.36 0.8 -0.2 2013092706 WUTIP
7.0 1.0 -12.94 3.38 0.8 -0.2 2013092712 WUTIP
8.0 1.0 -13.12 3.34 0.68 0.0 2013092718 WUTIP
9.0 1.0 -13.16 3.28 0.5 0.4 2013092800 WUTIP
10.0 1.0 -13.2 3.34 0.3 0.8 2013092806 WUTIP
11.0 1.0 -13.24 3.36 0.2 1.0 2013092812 WUTIP
12.0 1.0 -13.36 3.36 0.2 1.0 2013092818 WUTIP
13.0 1.0 -13.5 3.36 0.2 1.0 2013092900 WUTIP
14.0 1.0 -13.66 3.34 0.1 1.0 2013092906 WUTIP
15.0 1.0 -13.8 3.36 0.1 1.0 2013092912 WUTIP
16.0 1.0 -14.0 3.36 0.1 1.0 2013092918 WUTIP
17.0 1.0 -14.26 3.44 0.1 1.0 2013093000 WUTIP
18.0 1.0 -14.5 3.52 0.2 1.0 2013093006 WUTIP
19.0 1.0 -14.84 3.56 0.3 0.8 2013093012 WUTIP
20.0 1.0 -15.22 3.58 0.68 0.0 2013093018 WUTIP
21.0 1.0 -15.64 3.58 0.92 -0.8 2013100100 WUTIP
