0.0 1.0 -9.6 3.46 0.92 -0.48 2013091600 USAGI
1.0 1.0 -9.54 3.46 0.84 -1.08 2013091606 USAGI
2.0 1.0 -9.54 3.44 0.84 -1.0 2013091612 USAGI
3.0 1.0 -9.58 3.46 0.8 -0.2 2013091618 USAGI
4.0 1.0 -9.66 3.48 0.8 -0.2 2013091700 USAGI
5.0 1.0 -9.74 3.48 0.76 -0.2 2013091706 USAGI
6.0 1.0 -9.82 3.48 0.68 0.0 2013091712 USAGI
7.0 1.0 -9.86 3.46 0.6 0.2 2013091718 USAGI
8.0 1.0 -9.92 3.44 0.5 0.4 2013091800 USAGI
9.0 1.0 -10.0 3.44 0.4 0.6 2013091806 USAGI
10.0 1.0 -10.1 3.46 0.2 1.0 2013091812 USAGI
11.0 1.0 -10.26 3.44 0.0 1.2 2013091818 USAGI
12.0 1.0 -10.34 3.4 -0.2 1.6 2013091900 USAGI
13.0 1.0 -10.4 3.5 -0.7 2.2 2013091906 USAGI
14.0 1.0 -10.56 3.64 -0.9 2.6 2013091912 USAGI
15.0 1.0 -10.72 3.76 -1.0 2.8 2013091918 USAGI
16.0 1.0 -10.9 3.86 -1.0 2.8 2013092000 USAGI
17.0 1.0 -11.08 3.94 -1.0 2.8 2013092006 USAGI
18.0 1.0 -11.24 4.04 -1.0 2.8 2013092012 USAGI
19.0 1.0 -11.48 4.08 -0.9 2.6 2013092018 USAGI
20.0 1.0 -11.64 4.12 -0.8 2.4 2013092100 USAGI
21.0 1.0 -11.84 4.16 -0.7 2.0 2013092106 USAGI
22.0 1.0 -12.04 4.22 -0.6 1.8 2013092112 USAGI
23.0 1.0 -12.22 4.28 -0.5 1.8 2013092118 USAGI
24.0 1.0 -12.42 4.36 -0.5 1.8 2013092200 USAGI
25.0 1.0 -12.64 4.48 -0.5 1.8 2013092206 USAGI
26.0 1.0 -12.92 4.56 -0.4 1.6 2013092212 USAGI
27.0 1.0 -13.24 4.64 0.3 0.4 2013092218 USAGI
28.0 1.0 -13.5 4.74 0.6 0.0 2013092300 USAGI
29.0 1.0 -13.76 4.86 0.72 -0.48 2013092306 USAGI
30.0 1.0 -13.98 4.94 0.76 -0.28 2013092312 USAGI
31.0 1.0 -14.18 5.0 0.8 -0.28 2013092318 USAGI
32.0 1.0 -14.36 4.98 0.88 -0.28 2013092400 USAGI
