0.0 1.0 -11.28 4.62 0.96 -1.08 2013081600 TRAMI
1.0 1.0 -11.38 4.54 0.88 -1.0 2013081606 TRAMI
2.0 1.0 -11.28 4.48 0.84 -0.88 2013081612 TRAMI
3.0 1.0 -11.18 4.38 0.8 -0.88 2013081618 TRAMI
4.0 1.0 -11.04 4.26 0.8 -0.68 2013081700 TRAMI
5.0 1.0 -10.92 4.14 0.76 -0.68 2013081706 TRAMI
6.0 1.0 -10.78 4.08 0.8 -0.6 2013081712 TRAMI
7.0 1.0 -10.66 4.06 0.72 -0.6 2013081718 TRAMI
8.0 1.0 -10.56 4.06 0.68 -0.2 2013081800 TRAMI
9.0 1.0 -10.52 4.06 0.68 -0.2 2013081806 TRAMI
10.0 1.0 -10.48 4.0 0.68 -0.2 2013081812 TRAMI
11.0 1.0 -10.44 3.96 0.64 0.0 2013081818 TRAMI
12.0 1.0 -10.42 3.92 0.64 0.0 2013081900 TRAMI
13.0 1.0 -10.38 3.98 0.64 0.0 2013081906 TRAMI
14.0 1.0 -10.32 4.06 0.6 0.2 2013081912 TRAMI
15.0 1.0 -10.28 4.2 0.5 0.4 2013081918 TRAMI
16.0 1.0 -10.3 4.42 0.5 0.4 2013082000 TRAMI
17.0 1.0 -10.48 4.6 0.4 0.6 2013082006 TRAMI
18.0 1.0 -10.64 4.68 0.4 0.6 2013082012 TRAMI
19.0 1.0 -10.78 4.88 0.2 0.8 2013082018 TRAMI
20.0 1.0 -11.12 5.04 0.1 0.8 2013082100 TRAMI
21.0 1.0 -11.42 5.12 0.1 0.8 2013082106 TRAMI
22.0 1.0 -11.78 5.18 0.1 0.8 2013082112 TRAMI
23.0 1.0 -12.08 5.14 0.1 0.8 2013082118 TRAMI
24.0 1.0 -12.32 5.2 0.4 0.4 2013082200 TRAMI
25.0 1.0 -12.6 5.32 0.5 0.0 2013082206 TRAMI
26.0 1.0 -12.86 5.44 0.6 -0.2 2013082212 TRAMI
27.0 1.0 -13.08 5.5 0.6 -0.8 2013082218 TRAMI
28.0 1.0 -13.3 5.52 0.64 -0.8 2013082300 TRAMI
29.0 1.0 -13.5 5.5 0.68 -0.88 2013082306 TRAMI
30.0 1.0 -13.66 5.42 0.72 -0.88 2013082312 TRAMI
31.0 1.0 -13.9 5.2 0.76 -0.88 2013082318 TRAMI
32.0 1.0 -14.3 5.06 0.76 -0.88 2013082400 TRAMI
33.0 1.0 -14.54 4.86 0.76 -0.88 2013082406 TRAMI
