0.0 1.0 -9.68 2.8 0.88 -1.08 2013100812 NARI
1.0 1.0 -9.78 2.84 0.88 -1.08 2013100818 NARI
2.0 1.0 -9.94 2.86 0.88 -1.0 2013100900 NARI
3.0 1.0 -10.1 2.88 0.8 -1.0 2013100906 NARI
4.0 1.0 -10.2 2.9 0.76 -0.2 2013100912 NARI
5.0 1.0 -10.3 2.96 0.68 0.0 2013100918 NARI
6.0 1.0 -10.44 3.04 0.64 0.2 2013101000 NARI
7.0 1.0 -10.62 3.06 0.6 0.4 2013101006 NARI
8.0 1.0 -10.78 3.08 0.4 0.8 2013101012 NARI
9.0 1.0 -10.94 3.08 0.3 1.0 2013101018 NARI
10.0 1.0 -11.1 3.08 0.2 1.2 2013101100 NARI
11.0 1.0 -11.32 3.08 0.2 1.2 2013101106 NARI
12.0 1.0 -11.52 3.1 0.2 1.2 2013101112 NARI
13.0 1.0 -11.9 3.1 0.3 1.0 2013101118 NARI
14.0 1.0 -12.16 3.04 0.3 1.0 2013101200 NARI
15.0 1.0 -12.38 3.04 0.2 1.2 2013101206 NARI
16.0 1.0 -12.62 3.04 0.2 1.2 2013101212 NARI
17.0 1.0 -12.86 3.04 0.1 1.4 2013101218 NARI
18.0 1.0 -13.06 3.06 0.1 1.4 2013101300 NARI
19.0 1.0 -13.26 3.06 0.1 1.4 2013101306 NARI
20.0 1.0 -13.44 3.08 0.1 1.4 2013101312 NARI
21.0 1.0 -13.6 3.08 0.1 1.4 2013101318 NARI
22.0 1.0 -13.72 3.12 0.1 1.4 2013101400 NARI
23.0 1.0 -13.86 3.18 0.1 1.4 2013101406 NARI
24.0 1.0 -14.0 3.22 0.2 1.2 2013101412 NARI
25.0 1.0 -14.18 3.22 0.3 1.0 2013101418 NARI
26.0 1.0 -14.36 3.16 0.5 0.4 2013101500 NARI
27.0 1.0 -14.56 3.08 0.68 0.0 2013101506 NARI
28.0 1.0 -14.76 3.08 0.76 -0.2 2013101512 NARI
29.0 1.0 -14.96 3.1 0.8 -1.08 2013101518 NARI
30.0 1.0 -15.16 3.12 0.88 -1.08 2013101600 NARI
31.0 1.0 -15.36 3.18 0.88 -1.0 2013101606 NARI
32.0 1.0 -15.52 3.28 0.92 -0.88 2013101612 NARI
