0.0 1.0 -7.54 2.54 0.92 -1.08 2013102718 KROSA
1.0 1.0 -7.92 2.8 0.96 -1.08 2013102800 KROSA
2.0 1.0 -8.24 2.92 0.92 -1.08 2013102806 KROSA
3.0 1.0 -8.56 3.02 0.96 -1.08 2013102812 KROSA
4.0 1.0 -8.82 3.1 0.92 -1.0 2013102818 KROSA
5.0 1.0 -9.12 3.08 0.88 -1.0 2013102900 KROSA
6.0 1.0 -9.32 3.1 0.84 -1.0 2013102906 KROSA
7.0 1.0 -9.54 3.14 0.88 -1.0 2013102912 KROSA
8.0 1.0 -9.78 3.2 0.8 -0.2 2013102918 KROSA
9.0 1.0 -10.04 3.26 0.72 0.0 2013103000 KROSA
10.0 1.0 -10.32 3.36 0.68 0.2 2013103006 KROSA
11.0 1.0 -10.62 3.44 0.64 0.4 2013103012 KROSA
12.0 1.0 -10.9 3.5 0.6 0.6 2013103018 KROSA
13.0 1.0 -11.16 3.54 0.5 0.8 2013103100 KROSA
14.0 1.0 -11.38 3.6 0.4 1.0 2013103106 KROSA
15.0 1.0 -11.64 3.66 0.3 1.2 2013103112 KROSA
16.0 1.0 -11.92 3.72 0.3 1.2 2013103118 KROSA
17.0 1.0 -12.12 3.78 0.3 1.2 2013110100 KROSA
18.0 1.0 -12.36 3.82 0.3 1.2 2013110106 KROSA
19.0 1.0 -12.56 3.86 0.3 1.2 2013110112 KROSA
20.0 1.0 -12.72 3.88 0.2 1.4 2013110118 KROSA
21.0 1.0 -12.82 3.92 0.2 1.4 2013110200 KROSA
22.0 1.0 -12.94 3.98 0.2 1.4 2013110206 KROSA
23.0 1.0 -12.98 4.02 0.3 1.2 2013110212 KROSA
24.0 1.0 -13.04 4.04 0.4 1.0 2013110218 KROSA
25.0 1.0 -13.06 4.06 0.5 0.8 2013110300 KROSA
26.0 1.0 -13.12 4.06 0.6 0.6 2013110306 KROSA
27.0 1.0 -13.2 3.98 0.68 0.2 2013110312 KROSA
28.0 1.0 -13.34 3.84 0.72 0.0 2013110318 KROSA
29.0 1.0 -13.54 3.7 0.8 -0.2 2013110400 KROSA
30.0 1.0 -13.74 3.52 0.88 -0.8 2013110406 KROSA
31.0 1.0 -13.98 3.36 0.96 -0.68 2013110412 KROSA
32.0 1.0 -14.22 3.16 1.0 -0.6 2013110418 KROSA
