0.0 1.0 -7.36 1.94 0.88 -1.08 2014012900 KAJIKI
1.0 1.0 -7.64 1.92 0.84 -1.08 2014012906 KAJIKI
2.0 1.0 -7.9 1.84 0.88 -1.08 2014012912 KAJIKI
3.0 1.0 -8.16 1.72 0.84 -1.08 2014012918 KAJIKI
4.0 1.0 -8.46 1.7 0.88 -1.08 2014013000 KAJIKI
5.0 1.0 -8.76 1.7 0.88 -1.0 2014013006 KAJIKI
6.0 1.0 -9.12 1.76 0.88 -1.0 2014013012 KAJIKI
7.0 1.0 -9.48 1.82 0.84 -1.0 2014013018 KAJIKI
8.0 1.0 -9.92 1.92 0.8 -0.2 2014013100 KAJIKI
9.0 1.0 -10.36 2.0 0.8 -0.2 2014013106 KAJIKI
10.0 1.0 -10.8 2.06 0.8 -0.2 2014013112 KAJIKI
11.0 1.0 -11.18 2.16 0.84 -0.2 2014013118 KAJIKI
12.0 1.0 -11.58 2.24 0.84 -0.2 2014020100 KAJIKI
13.0 1.0 -11.96 2.26 0.88 -1.0 2014020106 KAJIKI
14.0 1.0 -12.38 2.24 0.96 -1.2 2014020112 KAJIKI
