0.0 1.0 -12.0 4.18 0.8 -1.08 2014060900 MITAG
1.0 1.0 -11.86 4.18 0.8 -1.08 2014060906 MITAG
2.0 1.0 -11.78 4.2 0.8 -1.08 2014060912 MITAG
3.0 1.0 -11.7 4.22 0.76 -1.0 2014060918 MITAG
4.0 1.0 -11.62 4.26 0.76 -1.0 2014061000 MITAG
5.0 1.0 -11.48 4.4 0.76 -1.0 2014061006 MITAG
6.0 1.0 -11.28 4.46 0.76 -1.0 2014061012 MITAG
7.0 1.0 -11.04 4.6 0.76 -1.0 2014061018 MITAG
8.0 1.0 -10.82 4.66 0.72 -0.2 2014061100 MITAG
9.0 1.0 -10.42 4.82 0.68 0.0 2014061106 MITAG
10.0 1.0 -9.98 5.12 0.68 0.0 2014061112 MITAG
11.0 1.0 -9.48 5.44 0.68 0.0 2014061118 MITAG
12.0 1.0 -8.82 5.78 0.68 -0.88 2014061200 MITAG
