0.0 1.0 -12.32 2.8 0.84 -1.08 2014090512 UNNAMED_N14118
1.0 1.0 -12.42 2.94 0.84 -1.08 2014090518 UNNAMED_N14118
2.0 1.0 -12.52 3.08 0.84 -1.08 2014090600 UNNAMED_N14118
3.0 1.0 -12.7 3.28 0.88 -1.08 2014090606 UNNAMED_N14118
4.0 1.0 -12.88 3.44 0.88 -1.08 2014090612 UNNAMED_N14118
5.0 1.0 -13.1 3.56 0.88 -1.08 2014090618 UNNAMED_N14118
6.0 1.0 -13.32 3.66 0.88 -1.08 2014090700 UNNAMED_N14118
7.0 1.0 -13.48 3.78 0.8 -1.0 2014090706 UNNAMED_N14118
8.0 1.0 -13.6 3.88 0.8 -1.0 2014090712 UNNAMED_N14118
9.0 1.0 -13.7 4.0 0.8 -1.0 2014090718 UNNAMED_N14118
10.0 1.0 -13.8 4.14 0.8 -1.0 2014090800 UNNAMED_N14118
11.0 1.0 -13.92 4.24 0.8 -1.0 2014090806 UNNAMED_N14118
