0.0 1.0 -7.52 1.98 0.7 -0.88 2014091012 KALMAEGI
1.0 1.0 -7.8 2.06 0.88 -1.08 2014091018 KALMAEGI
2.0 1.0 -8.08 2.28 0.88 -1.08 2014091100 KALMAEGI
3.0 1.0 -8.34 2.56 0.88 -1.08 2014091106 KALMAEGI
4.0 1.0 -8.74 2.74 0.88 -1.08 2014091112 KALMAEGI
5.0 1.0 -9.22 2.76 0.88 -1.0 2014091118 KALMAEGI
6.0 1.0 -9.54 2.76 0.88 -1.0 2014091200 KALMAEGI
7.0 1.0 -9.8 2.74 0.8 -0.2 2014091206 KALMAEGI
8.0 1.0 -9.96 2.74 0.72 0.0 2014091212 KALMAEGI
9.0 1.0 -10.1 2.74 0.6 0.2 2014091218 KALMAEGI
10.0 1.0 -10.24 2.82 0.5 0.4 2014091300 KALMAEGI
11.0 1.0 -10.48 2.96 0.4 0.6 2014091306 KALMAEGI
12.0 1.0 -10.68 3.04 0.3 0.8 2014091312 KALMAEGI
13.0 1.0 -10.84 3.16 0.2 1.0 2014091318 KALMAEGI
14.0 1.0 -11.08 3.28 0.2 1.0 2014091400 KALMAEGI
15.0 1.0 -11.34 3.42 0.2 1.0 2014091406 KALMAEGI
16.0 1.0 -11.66 3.56 0.2 1.0 2014091412 KALMAEGI
17.0 1.0 -12.06 3.6 0.3 0.8 2014091418 KALMAEGI
18.0 1.0 -12.38 3.6 0.2 1.0 2014091500 KALMAEGI
19.0 1.0 -12.78 3.7 0.2 1.0 2014091506 KALMAEGI
20.0 1.0 -13.12 3.78 0.1 1.2 2014091512 KALMAEGI
21.0 1.0 -13.42 3.86 0.1 1.2 2014091518 KALMAEGI
22.0 1.0 -13.7 3.96 0.0 1.4 2014091600 KALMAEGI
23.0 1.0 -14.04 4.1 0.0 1.4 2014091606 KALMAEGI
24.0 1.0 -14.36 4.22 0.2 1.0 2014091612 KALMAEGI
25.0 1.0 -14.7 4.34 0.4 0.6 2014091618 KALMAEGI
26.0 1.0 -15.06 4.46 0.5 0.4 2014091700 KALMAEGI
27.0 1.0 -15.4 4.6 0.68 0.0 2014091706 KALMAEGI
28.0 1.0 -15.68 4.56 0.76 -1.0 2014091712 KALMAEGI
29.0 1.0 -15.84 4.32 0.84 -0.88 2014091718 KALMAEGI
