0.0 1.0 -8.64 2.0 0.92 -0.28 2014071606 MATMO
1.0 1.0 -8.68 1.96 0.96 -0.2 2014071612 MATMO
2.0 1.0 -8.76 1.96 0.92 -0.08 2014071618 MATMO
3.0 1.0 -8.82 1.98 0.92 -1.0 2014071700 MATMO
4.0 1.0 -8.88 2.0 0.92 -1.0 2014071706 MATMO
5.0 1.0 -8.92 2.02 0.88 -0.2 2014071712 MATMO
6.0 1.0 -8.98 2.08 0.8 0.0 2014071718 MATMO
7.0 1.0 -9.04 2.12 0.8 0.0 2014071800 MATMO
8.0 1.0 -9.16 2.16 0.72 0.2 2014071806 MATMO
9.0 1.0 -9.32 2.16 0.72 0.2 2014071812 MATMO
10.0 1.0 -9.5 2.18 0.6 0.4 2014071818 MATMO
11.0 1.0 -9.72 2.2 0.5 0.6 2014071900 MATMO
12.0 1.0 -9.8 2.24 0.4 0.8 2014071906 MATMO
13.0 1.0 -9.88 2.3 0.4 0.8 2014071912 MATMO
14.0 1.0 -9.98 2.42 0.4 0.8 2014071918 MATMO
15.0 1.0 -10.06 2.56 0.4 0.8 2014072000 MATMO
16.0 1.0 -10.2 2.72 0.4 0.8 2014072006 MATMO
17.0 1.0 -10.34 2.86 0.4 0.8 2014072012 MATMO
18.0 1.0 -10.44 3.02 0.3 1.0 2014072018 MATMO
19.0 1.0 -10.54 3.3 0.1 1.2 2014072100 MATMO
20.0 1.0 -10.72 3.58 0.1 1.2 2014072106 MATMO
21.0 1.0 -10.94 3.7 0.1 1.2 2014072112 MATMO
22.0 1.0 -11.12 3.88 0.1 1.2 2014072118 MATMO
23.0 1.0 -11.26 4.1 0.1 1.2 2014072200 MATMO
24.0 1.0 -11.46 4.38 0.1 1.2 2014072206 MATMO
25.0 1.0 -11.6 4.52 0.1 1.2 2014072212 MATMO
26.0 1.0 -11.8 4.7 0.3 0.8 2014072218 MATMO
27.0 1.0 -11.98 4.88 0.5 0.4 2014072300 MATMO
28.0 1.0 -12.08 5.02 0.5 0.4 2014072306 MATMO
29.0 1.0 -12.24 5.14 0.5 0.2 2014072312 MATMO
30.0 1.0 -12.36 5.3 0.6 0.0 2014072318 MATMO
31.0 1.0 -12.44 5.56 0.64 -0.2 2014072400 MATMO
32.0 1.0 -12.42 5.84 0.64 -0.2 2014072406 MATMO
33.0 1.0 -12.42 6.14 0.64 -0.2 2014072412 MATMO
34.0 1.0 -12.34 6.44 0.64 -0.2 2014072418 MATMO
35.0 1.0 -12.12 6.74 0.64 -0.2 2014072500 MATMO
36.0 1.0 -11.74 7.18 0.68 -1.0 2014072506 MATMO
37.0 1.0 -11.36 7.54 0.68 -1.0 2014072512 MATMO
38.0 1.0 -11.14 7.68 0.72 -1.0 2014072518 MATMO
39.0 1.0 -10.8 7.9 0.8 -1.0 2014072600 MATMO
