0.0 1.0 -9.98 1.4 null null 2014122712 JANGMI
1.0 1.0 -10.14 1.5 0.88 -1.08 2014122718 JANGMI
2.0 1.0 -10.28 1.56 0.92 -1.08 2014122800 JANGMI
3.0 1.0 -10.42 1.58 0.84 -1.0 2014122806 JANGMI
4.0 1.0 -10.56 1.62 0.8 -0.2 2014122812 JANGMI
5.0 1.0 -10.68 1.7 0.76 -0.2 2014122818 JANGMI
6.0 1.0 -10.8 1.78 0.8 -0.2 2014122900 JANGMI
7.0 1.0 -10.94 1.88 0.76 -0.2 2014122906 JANGMI
8.0 1.0 -11.08 1.94 0.76 -0.2 2014122912 JANGMI
9.0 1.0 -11.24 2.0 0.72 0.0 2014122918 JANGMI
10.0 1.0 -11.4 2.0 0.76 -0.2 2014123000 JANGMI
11.0 1.0 -11.52 1.96 0.8 -0.2 2014123006 JANGMI
12.0 1.0 -11.58 1.94 0.84 -0.88 2014123012 JANGMI
13.0 1.0 -11.62 1.86 0.84 -1.0 2014123018 JANGMI
14.0 1.0 -11.7 1.76 0.88 -1.0 2014123100 JANGMI
15.0 1.0 -11.84 1.64 0.84 -1.0 2014123106 JANGMI
16.0 1.0 -11.96 1.52 0.88 -1.08 2014123112 JANGMI
17.0 1.0 -12.1 1.42 0.88 -1.08 2014123118 JANGMI
