0.0 1.0 -9.72 1.68 null null 2014112506 SINLAKU
1.0 1.0 -9.94 1.68 null null 2014112512 SINLAKU
2.0 1.0 -10.2 1.7 null null 2014112518 SINLAKU
3.0 1.0 -10.38 1.68 0.84 -1.08 2014112600 SINLAKU
4.0 1.0 -10.62 1.76 0.84 -1.08 2014112606 SINLAKU
5.0 1.0 -10.92 1.86 0.84 -1.0 2014112612 SINLAKU
6.0 1.0 -11.18 1.92 0.8 -1.0 2014112618 SINLAKU
7.0 1.0 -11.44 1.98 0.84 -1.0 2014112700 SINLAKU
8.0 1.0 -11.72 2.0 0.84 -1.0 2014112706 SINLAKU
9.0 1.0 -11.96 2.04 0.88 -1.0 2014112712 SINLAKU
10.0 1.0 -12.22 2.12 0.88 -1.0 2014112718 SINLAKU
11.0 1.0 -12.54 2.2 0.8 -0.2 2014112800 SINLAKU
12.0 1.0 -12.84 2.28 0.72 0.0 2014112806 SINLAKU
13.0 1.0 -13.1 2.38 0.64 0.2 2014112812 SINLAKU
14.0 1.0 -13.38 2.48 0.64 0.2 2014112818 SINLAKU
15.0 1.0 -13.64 2.56 0.6 0.2 2014112900 SINLAKU
16.0 1.0 -13.86 2.62 0.64 0.2 2014112906 SINLAKU
17.0 1.0 -14.0 2.66 0.64 0.2 2014112912 SINLAKU
18.0 1.0 -14.16 2.7 0.64 0.2 2014112918 SINLAKU
19.0 1.0 -14.3 2.7 0.76 -0.2 2014113000 SINLAKU
20.0 1.0 -14.42 2.7 0.84 -1.08 2014113006 SINLAKU
