0.0 1.0 -12.56 4.18 0.92 -1.0 2014081812 UNNAMED_N21117
1.0 1.0 -12.62 4.46 0.92 -1.0 2014081818 UNNAMED_N21117
2.0 1.0 -12.44 4.74 0.88 -1.0 2014081900 UNNAMED_N21117
3.0 1.0 -12.48 5.08 0.88 -1.0 2014081906 UNNAMED_N21117
4.0 1.0 -12.34 5.32 0.88 -1.08 2014081912 UNNAMED_N21117
5.0 1.0 -11.98 5.56 0.92 -1.08 2014081918 UNNAMED_N21117
6.0 1.0 -11.72 5.88 0.92 -1.08 2014082000 UNNAMED_N21117
7.0 1.0 -11.58 6.16 0.88 -1.08 2014082006 UNNAMED_N21117
8.0 1.0 -11.22 6.58 0.88 -1.08 2014082012 UNNAMED_N21117
9.0 1.0 -10.78 7.0 0.92 -1.08 2014082018 UNNAMED_N21117
10.0 1.0 -10.04 7.34 0.92 -1.08 2014082100 UNNAMED_N21117
