0.0 1.0 -5.14 1.6 0.92 -0.28 2014070906 RAMMASUN
1.0 1.0 -5.28 1.6 0.96 -0.4 2014070912 RAMMASUN
2.0 1.0 -5.44 1.68 0.92 -0.48 2014070918 RAMMASUN
3.0 1.0 -5.58 1.76 0.96 -1.08 2014071000 RAMMASUN
4.0 1.0 -5.7 1.94 0.92 -1.08 2014071006 RAMMASUN
5.0 1.0 -5.9 2.14 0.96 -1.08 2014071012 RAMMASUN
6.0 1.0 -6.06 2.3 0.92 -1.0 2014071018 RAMMASUN
7.0 1.0 -6.24 2.4 0.92 -1.0 2014071100 RAMMASUN
8.0 1.0 -6.44 2.54 0.92 -1.0 2014071106 RAMMASUN
9.0 1.0 -6.66 2.66 0.96 -1.0 2014071112 RAMMASUN
10.0 1.0 -6.84 2.72 0.96 -1.0 2014071118 RAMMASUN
11.0 1.0 -7.1 2.72 0.92 -1.0 2014071200 RAMMASUN
12.0 1.0 -7.4 2.72 0.88 -0.2 2014071206 RAMMASUN
13.0 1.0 -7.72 2.72 0.84 -0.2 2014071212 RAMMASUN
14.0 1.0 -8.0 2.72 0.8 -0.2 2014071218 RAMMASUN
15.0 1.0 -8.38 2.72 0.76 0.0 2014071300 RAMMASUN
16.0 1.0 -8.76 2.72 0.76 0.0 2014071306 RAMMASUN
17.0 1.0 -9.14 2.7 0.68 0.0 2014071312 RAMMASUN
18.0 1.0 -9.5 2.7 0.6 0.2 2014071318 RAMMASUN
19.0 1.0 -9.86 2.66 0.5 0.4 2014071400 RAMMASUN
20.0 1.0 -10.16 2.58 0.4 0.6 2014071406 RAMMASUN
21.0 1.0 -10.36 2.54 0.3 0.6 2014071412 RAMMASUN
22.0 1.0 -10.62 2.54 0.1 1.0 2014071418 RAMMASUN
23.0 1.0 -10.86 2.54 0.0 1.2 2014071500 RAMMASUN
24.0 1.0 -11.06 2.6 -0.2 1.6 2014071506 RAMMASUN
25.0 1.0 -11.32 2.68 -0.3 1.8 2014071512 RAMMASUN
26.0 1.0 -11.6 2.8 -0.3 1.8 2014071518 RAMMASUN
27.0 1.0 -11.88 2.86 0.0 1.2 2014071600 RAMMASUN
28.0 1.0 -12.18 3.0 0.1 1.0 2014071606 RAMMASUN
29.0 1.0 -12.44 3.06 0.2 0.8 2014071612 RAMMASUN
30.0 1.0 -12.64 3.16 0.2 0.8 2014071618 RAMMASUN
31.0 1.0 -12.84 3.26 0.0 1.0 2014071700 RAMMASUN
32.0 1.0 -13.0 3.36 0.0 1.0 2014071706 RAMMASUN
33.0 1.0 -13.14 3.5 -0.1 1.2 2014071712 RAMMASUN
34.0 1.0 -13.32 3.7 -0.3 1.6 2014071718 RAMMASUN
35.0 1.0 -13.54 3.82 -0.4 1.8 2014071800 RAMMASUN
36.0 1.0 -13.74 3.98 -0.5 2.0 2014071806 RAMMASUN
37.0 1.0 -13.94 4.06 -0.4 2.0 2014071812 RAMMASUN
38.0 1.0 -14.12 4.2 -0.1 1.2 2014071818 RAMMASUN
39.0 1.0 -14.34 4.36 0.1 0.4 2014071900 RAMMASUN
40.0 1.0 -14.56 4.44 0.4 0.0 2014071906 RAMMASUN
41.0 1.0 -14.74 4.56 0.6 -0.2 2014071912 RAMMASUN
42.0 1.0 -15.0 4.6 0.72 -0.2 2014071918 RAMMASUN
43.0 1.0 -15.16 4.68 0.76 -0.2 2014072000 RAMMASUN
44.0 1.0 -15.34 4.76 0.2 -0.2 2014072006 RAMMASUN
