0.0 1.0 -10.34 1.68 null null 2014032100 UNNAMED_N08128
1.0 1.0 -10.44 1.72 null null 2014032106 UNNAMED_N08128
2.0 1.0 -10.52 1.76 null null 2014032112 UNNAMED_N08128
3.0 1.0 -10.58 1.8 null null 2014032118 UNNAMED_N08128
4.0 1.0 -10.62 1.86 0.84 -1.08 2014032200 UNNAMED_N08128
5.0 1.0 -10.72 1.92 0.8 -1.0 2014032206 UNNAMED_N08128
6.0 1.0 -10.88 1.96 0.84 -1.08 2014032212 UNNAMED_N08128
7.0 1.0 -11.0 1.9 0.84 -1.08 2014032218 UNNAMED_N08128
8.0 1.0 -11.14 1.88 0.9 -1.2 2014032300 UNNAMED_N08128
9.0 1.0 -11.3 1.9 0.9 -1.2 2014032306 UNNAMED_N08128
10.0 1.0 -11.48 1.94 0.9 -1.2 2014032312 UNNAMED_N08128
11.0 1.0 -11.76 1.92 0.84 -1.08 2014032318 UNNAMED_N08128
12.0 1.0 -12.02 1.86 0.84 -1.08 2014032400 UNNAMED_N08128
13.0 1.0 -12.24 1.82 0.9 -1.2 2014032406 UNNAMED_N08128
