0.0 1.0 -10.02 2.66 0.84 -1.08 2015070118 LINFA
1.0 1.0 -10.08 2.76 0.84 -1.08 2015070200 LINFA
2.0 1.0 -10.18 2.86 0.84 -1.0 2015070206 LINFA
3.0 1.0 -10.32 2.96 0.76 -0.2 2015070212 LINFA
4.0 1.0 -10.48 3.02 0.76 -0.2 2015070218 LINFA
5.0 1.0 -10.66 3.02 0.76 -0.2 2015070300 LINFA
6.0 1.0 -10.78 3.04 0.68 0.0 2015070306 LINFA
7.0 1.0 -10.92 3.06 0.6 0.0 2015070312 LINFA
8.0 1.0 -11.0 3.12 0.6 0.0 2015070318 LINFA
9.0 1.0 -11.1 3.22 0.6 0.0 2015070400 LINFA
10.0 1.0 -11.22 3.3 0.5 0.2 2015070406 LINFA
11.0 1.0 -11.38 3.38 0.5 0.2 2015070412 LINFA
12.0 1.0 -11.5 3.44 0.5 0.2 2015070418 LINFA
13.0 1.0 -11.62 3.52 0.6 0.0 2015070500 LINFA
14.0 1.0 -11.92 3.58 0.64 0.0 2015070506 LINFA
15.0 1.0 -12.04 3.58 0.64 0.0 2015070512 LINFA
16.0 1.0 -12.1 3.64 0.64 0.0 2015070518 LINFA
17.0 1.0 -12.12 3.74 0.64 0.0 2015070600 LINFA
18.0 1.0 -12.14 3.84 0.64 0.0 2015070606 LINFA
19.0 1.0 -12.14 3.9 0.64 0.0 2015070612 LINFA
20.0 1.0 -12.18 3.98 0.6 0.0 2015070618 LINFA
21.0 1.0 -12.22 4.04 0.6 0.0 2015070700 LINFA
22.0 1.0 -12.24 4.1 0.5 0.2 2015070706 LINFA
23.0 1.0 -12.24 4.16 0.5 0.2 2015070712 LINFA
24.0 1.0 -12.26 4.22 0.5 0.2 2015070718 LINFA
25.0 1.0 -12.26 4.3 0.4 0.4 2015070800 LINFA
26.0 1.0 -12.26 4.36 0.4 0.4 2015070806 LINFA
27.0 1.0 -12.32 4.44 0.4 0.4 2015070812 LINFA
28.0 1.0 -12.46 4.5 0.4 0.4 2015070818 LINFA
29.0 1.0 -12.62 4.54 0.4 0.4 2015070900 LINFA
30.0 1.0 -12.86 4.58 0.5 0.4 2015070906 LINFA
31.0 1.0 -13.12 4.58 0.64 0.2 2015070912 LINFA
32.0 1.0 -13.42 4.48 0.72 0.0 2015070918 LINFA
33.0 1.0 -13.76 4.3 0.8 -1.0 2015071000 LINFA
