0.0 1.0 -13.56 3.0 0.84 -1.08 2015061918 KUJIRA
1.0 1.0 -13.6 3.02 0.84 -1.08 2015062000 KUJIRA
2.0 1.0 -13.64 3.04 0.8 -1.0 2015062006 KUJIRA
3.0 1.0 -13.68 3.06 0.76 -1.0 2015062012 KUJIRA
4.0 1.0 -13.7 3.08 0.76 -1.0 2015062018 KUJIRA
5.0 1.0 -13.72 3.14 0.72 -0.2 2015062100 KUJIRA
6.0 1.0 -13.72 3.28 0.6 0.0 2015062106 KUJIRA
7.0 1.0 -13.7 3.36 0.5 0.2 2015062112 KUJIRA
8.0 1.0 -13.72 3.48 0.5 0.2 2015062118 KUJIRA
9.0 1.0 -13.76 3.58 0.5 0.2 2015062200 KUJIRA
10.0 1.0 -13.82 3.7 0.5 0.2 2015062206 KUJIRA
11.0 1.0 -13.92 3.78 0.5 0.2 2015062212 KUJIRA
12.0 1.0 -14.04 3.82 0.6 -0.2 2015062218 KUJIRA
13.0 1.0 -14.14 3.94 0.6 -0.2 2015062300 KUJIRA
14.0 1.0 -14.28 3.96 0.6 0.0 2015062306 KUJIRA
15.0 1.0 -14.42 4.0 0.6 0.0 2015062312 KUJIRA
16.0 1.0 -14.5 4.04 0.6 0.0 2015062318 KUJIRA
17.0 1.0 -14.56 4.08 0.5 0.2 2015062400 KUJIRA
18.0 1.0 -14.62 4.16 0.6 0.0 2015062406 KUJIRA
19.0 1.0 -14.68 4.26 0.64 -0.2 2015062412 KUJIRA
20.0 1.0 -14.74 4.32 0.72 -1.0 2015062418 KUJIRA
21.0 1.0 -14.82 4.48 0.76 null 2015062500 KUJIRA
