0.0 1.0 -3.58 1.16 null null 2015032518 MAYSAK
1.0 1.0 -3.7 1.2 0.84 -1.08 2015032600 MAYSAK
2.0 1.0 -3.86 1.24 0.84 -1.08 2015032606 MAYSAK
3.0 1.0 -4.04 1.3 0.96 -1.08 2015032612 MAYSAK
4.0 1.0 -4.22 1.34 0.92 -1.0 2015032618 MAYSAK
5.0 1.0 -4.38 1.38 0.96 -1.0 2015032700 MAYSAK
6.0 1.0 -4.5 1.42 0.92 -1.0 2015032706 MAYSAK
7.0 1.0 -4.62 1.48 0.92 -0.88 2015032712 MAYSAK
8.0 1.0 -4.76 1.52 0.84 -0.2 2015032718 MAYSAK
9.0 1.0 -4.94 1.52 0.76 -0.2 2015032800 MAYSAK
10.0 1.0 -5.1 1.5 0.68 0.2 2015032806 MAYSAK
11.0 1.0 -5.26 1.48 0.5 0.4 2015032812 MAYSAK
12.0 1.0 -5.4 1.48 0.4 0.6 2015032818 MAYSAK
13.0 1.0 -5.58 1.5 0.2 1.0 2015032900 MAYSAK
14.0 1.0 -5.8 1.54 0.1 1.2 2015032906 MAYSAK
15.0 1.0 -6.08 1.6 -0.2 1.6 2015032912 MAYSAK
16.0 1.0 -6.36 1.62 -0.2 1.6 2015032918 MAYSAK
17.0 1.0 -6.6 1.68 -0.2 1.6 2015033000 MAYSAK
18.0 1.0 -6.84 1.76 -0.2 1.6 2015033006 MAYSAK
19.0 1.0 -7.02 1.8 -0.4 1.8 2015033012 MAYSAK
20.0 1.0 -7.26 1.88 -0.7 2.2 2015033018 MAYSAK
21.0 1.0 -7.5 1.92 -0.9 2.4 2015033100 MAYSAK
22.0 1.0 -7.74 2.0 -1.0 2.6 2015033106 MAYSAK
23.0 1.0 -8.02 2.04 -1.0 2.6 2015033112 MAYSAK
24.0 1.0 -8.26 2.06 -1.0 2.6 2015033118 MAYSAK
25.0 1.0 -8.46 2.14 -1.0 2.6 2015040100 MAYSAK
26.0 1.0 -8.68 2.24 -1.0 2.6 2015040106 MAYSAK
27.0 1.0 -8.86 2.34 -1.0 2.6 2015040112 MAYSAK
28.0 1.0 -9.06 2.4 -1.0 2.6 2015040118 MAYSAK
29.0 1.0 -9.2 2.46 -0.7 2.2 2015040200 MAYSAK
30.0 1.0 -9.32 2.56 -0.4 1.8 2015040206 MAYSAK
31.0 1.0 -9.48 2.64 -0.4 1.8 2015040212 MAYSAK
32.0 1.0 -9.62 2.74 -0.4 1.8 2015040218 MAYSAK
33.0 1.0 -9.78 2.8 -0.3 1.8 2015040300 MAYSAK
34.0 1.0 -10.0 2.82 -0.2 1.6 2015040306 MAYSAK
35.0 1.0 -10.2 2.84 -0.1 1.4 2015040312 MAYSAK
36.0 1.0 -10.44 2.86 0.0 1.4 2015040318 MAYSAK
37.0 1.0 -10.7 2.94 0.1 1.2 2015040400 MAYSAK
38.0 1.0 -10.98 3.02 0.4 0.6 2015040406 MAYSAK
39.0 1.0 -11.2 3.12 0.5 0.4 2015040412 MAYSAK
40.0 1.0 -11.36 3.2 0.72 0.0 2015040418 MAYSAK
41.0 1.0 -11.5 3.26 0.8 -0.2 2015040500 MAYSAK
42.0 1.0 -11.74 3.52 0.88 -0.8 2015040506 MAYSAK
43.0 1.0 -12.08 3.78 0.96 -0.8 2015040512 MAYSAK
44.0 1.0 -12.34 4.02 0.96 -0.88 2015040518 MAYSAK
45.0 1.0 -12.52 4.04 0.96 -1.0 2015040600 MAYSAK
46.0 1.0 -12.56 4.02 0.96 -1.0 2015040606 MAYSAK
47.0 1.0 -12.54 4.0 0.96 null 2015040612 MAYSAK
48.0 1.0 -12.56 4.06 0.96 null 2015040618 MAYSAK
49.0 1.0 -12.64 4.12 1.0 null 2015040700 MAYSAK
