0.0 1.0 -9.94 2.38 0.96 -1.2 2015093000 MUJIGAE
1.0 1.0 -10.16 2.42 1.0 -1.2 2015093006 MUJIGAE
2.0 1.0 -10.4 2.52 null null 2015093012 MUJIGAE
3.0 1.0 -10.66 2.62 0.96 -1.08 2015093018 MUJIGAE
4.0 1.0 -10.92 2.8 0.96 -1.08 2015100100 MUJIGAE
5.0 1.0 -11.22 2.92 0.92 -1.0 2015100106 MUJIGAE
6.0 1.0 -11.46 3.04 0.84 -0.2 2015100112 MUJIGAE
7.0 1.0 -11.74 3.14 0.76 0.0 2015100118 MUJIGAE
8.0 1.0 -12.0 3.26 0.76 0.0 2015100200 MUJIGAE
9.0 1.0 -12.22 3.32 0.72 0.2 2015100206 MUJIGAE
10.0 1.0 -12.44 3.42 0.6 0.4 2015100212 MUJIGAE
11.0 1.0 -12.68 3.56 0.5 0.6 2015100218 MUJIGAE
12.0 1.0 -12.92 3.7 0.5 0.6 2015100300 MUJIGAE
13.0 1.0 -13.14 3.78 0.5 0.6 2015100306 MUJIGAE
14.0 1.0 -13.34 3.9 0.3 1.0 2015100312 MUJIGAE
15.0 1.0 -13.56 3.96 0.1 1.4 2015100318 MUJIGAE
16.0 1.0 -13.7 4.1 -0.2 1.8 2015100400 MUJIGAE
17.0 1.0 -13.92 4.24 -0.2 1.8 2015100406 MUJIGAE
18.0 1.0 -14.08 4.38 0.2 1.2 2015100412 MUJIGAE
19.0 1.0 -14.22 4.54 0.6 0.4 2015100418 MUJIGAE
20.0 1.0 -14.34 4.7 0.96 -0.48 2015100500 MUJIGAE
21.0 1.0 -14.46 4.88 0.5 -0.48 2015100506 MUJIGAE
