0.0 1.0 -3.56 2.66 0.92 null 2015072918 SOUDELOR
1.0 1.0 -3.86 2.74 0.88 -1.0 2015073000 SOUDELOR
2.0 1.0 -4.02 2.72 0.88 -1.0 2015073006 SOUDELOR
3.0 1.0 -4.14 2.72 0.88 -0.88 2015073012 SOUDELOR
4.0 1.0 -4.26 2.72 0.84 -0.88 2015073018 SOUDELOR
5.0 1.0 -4.4 2.7 0.84 -0.88 2015073100 SOUDELOR
6.0 1.0 -4.66 2.68 0.84 -0.88 2015073106 SOUDELOR
7.0 1.0 -4.86 2.68 0.84 -0.88 2015073112 SOUDELOR
8.0 1.0 -5.08 2.68 0.8 -0.88 2015073118 SOUDELOR
9.0 1.0 -5.34 2.72 0.8 -0.88 2015080100 SOUDELOR
10.0 1.0 -5.58 2.78 0.76 -0.2 2015080106 SOUDELOR
11.0 1.0 -5.84 2.84 0.72 0.0 2015080112 SOUDELOR
12.0 1.0 -6.08 2.88 0.6 0.4 2015080118 SOUDELOR
13.0 1.0 -6.36 2.92 0.4 0.8 2015080200 SOUDELOR
14.0 1.0 -6.64 2.98 0.2 1.2 2015080206 SOUDELOR
15.0 1.0 -6.82 3.02 0.0 1.6 2015080212 SOUDELOR
16.0 1.0 -7.0 3.12 -0.3 1.8 2015080218 SOUDELOR
17.0 1.0 -7.2 3.24 -0.4 2.0 2015080300 SOUDELOR
18.0 1.0 -7.4 3.38 -0.6 2.2 2015080306 SOUDELOR
19.0 1.0 -7.62 3.48 -1.0 2.6 2015080312 SOUDELOR
20.0 1.0 -7.86 3.56 -1.2 3.0 2015080318 SOUDELOR
21.0 1.0 -8.08 3.66 -1.2 3.0 2015080400 SOUDELOR
22.0 1.0 -8.34 3.72 -1.2 3.0 2015080406 SOUDELOR
23.0 1.0 -8.56 3.78 -1.0 2.6 2015080412 SOUDELOR
24.0 1.0 -8.76 3.86 -0.7 2.4 2015080418 SOUDELOR
25.0 1.0 -9.02 3.9 -0.6 2.2 2015080500 SOUDELOR
26.0 1.0 -9.26 3.98 -0.6 2.2 2015080506 SOUDELOR
27.0 1.0 -9.48 4.0 -0.5 2.0 2015080512 SOUDELOR
28.0 1.0 -9.7 4.02 -0.5 2.0 2015080518 SOUDELOR
29.0 1.0 -9.96 4.1 -0.5 2.0 2015080600 SOUDELOR
30.0 1.0 -10.16 4.18 -0.5 2.0 2015080606 SOUDELOR
31.0 1.0 -10.38 4.24 -0.5 2.0 2015080612 SOUDELOR
32.0 1.0 -10.64 4.3 -0.5 2.0 2015080618 SOUDELOR
33.0 1.0 -10.84 4.38 -0.5 2.0 2015080700 SOUDELOR
34.0 1.0 -11.04 4.48 -0.5 2.0 2015080706 SOUDELOR
35.0 1.0 -11.24 4.58 -0.5 2.0 2015080712 SOUDELOR
36.0 1.0 -11.48 4.74 -0.5 2.0 2015080718 SOUDELOR
37.0 1.0 -11.8 4.8 0.1 1.2 2015080800 SOUDELOR
38.0 1.0 -12.0 4.82 0.2 1.2 2015080806 SOUDELOR
39.0 1.0 -12.12 4.96 0.3 1.0 2015080812 SOUDELOR
40.0 1.0 -12.3 5.08 0.4 0.6 2015080818 SOUDELOR
41.0 1.0 -12.48 5.16 0.64 0.0 2015080900 SOUDELOR
42.0 1.0 -12.62 5.32 0.68 -0.2 2015080906 SOUDELOR
43.0 1.0 -12.72 5.52 0.72 -0.8 2015080912 SOUDELOR
44.0 1.0 -12.74 5.74 0.76 -0.8 2015080918 SOUDELOR
45.0 1.0 -12.64 5.98 0.8 -0.88 2015081000 SOUDELOR
46.0 1.0 -12.48 6.2 0.8 -0.88 2015081006 SOUDELOR
47.0 1.0 -12.2 6.36 0.8 -0.88 2015081012 SOUDELOR
48.0 1.0 -11.96 6.5 0.8 -0.88 2015081018 SOUDELOR
49.0 1.0 -11.76 6.56 0.76 -0.2 2015081100 SOUDELOR
50.0 1.0 -11.54 6.6 0.76 -0.2 2015081106 SOUDELOR
51.0 1.0 -11.34 6.6 0.8 -0.68 2015081112 SOUDELOR
52.0 1.0 -11.02 6.62 0.8 -0.68 2015081118 SOUDELOR
53.0 1.0 -10.66 6.7 0.8 -0.68 2015081200 SOUDELOR
54.0 1.0 -10.28 6.86 0.64 -0.68 2015081206 SOUDELOR
