0.0 1.0 -6.96 1.42 0.96 null 2015121000 MELOR
1.0 1.0 -7.22 1.44 0.92 null 2015121006 MELOR
2.0 1.0 -7.48 1.52 0.92 -1.08 2015121012 MELOR
3.0 1.0 -7.82 1.58 0.88 -1.0 2015121018 MELOR
4.0 1.0 -8.08 1.66 0.88 -1.0 2015121100 MELOR
5.0 1.0 -8.4 1.8 0.84 -0.2 2015121106 MELOR
6.0 1.0 -8.64 1.9 0.84 -0.2 2015121112 MELOR
7.0 1.0 -8.88 1.98 0.8 0.0 2015121118 MELOR
8.0 1.0 -9.1 2.06 0.8 0.0 2015121200 MELOR
9.0 1.0 -9.3 2.16 0.68 0.2 2015121206 MELOR
10.0 1.0 -9.54 2.24 0.5 0.6 2015121212 MELOR
11.0 1.0 -9.76 2.3 0.3 1.0 2015121218 MELOR
12.0 1.0 -9.94 2.38 0.2 1.2 2015121300 MELOR
13.0 1.0 -10.18 2.46 -0.1 1.6 2015121306 MELOR
14.0 1.0 -10.4 2.46 -0.2 1.8 2015121312 MELOR
15.0 1.0 -10.62 2.48 -0.2 1.8 2015121318 MELOR
16.0 1.0 -10.84 2.5 -0.5 2.2 2015121400 MELOR
17.0 1.0 -11.08 2.52 -0.5 2.2 2015121406 MELOR
18.0 1.0 -11.3 2.56 -0.1 1.6 2015121412 MELOR
19.0 1.0 -11.48 2.58 -0.1 1.6 2015121418 MELOR
20.0 1.0 -11.64 2.6 -0.2 1.8 2015121500 MELOR
21.0 1.0 -11.76 2.66 -0.2 1.8 2015121506 MELOR
22.0 1.0 -11.88 2.7 -0.1 1.6 2015121512 MELOR
23.0 1.0 -11.94 2.78 0.2 1.2 2015121518 MELOR
24.0 1.0 -12.02 2.82 0.3 1.0 2015121600 MELOR
25.0 1.0 -12.02 2.84 0.6 0.4 2015121606 MELOR
26.0 1.0 -12.04 2.82 0.72 0.2 2015121612 MELOR
27.0 1.0 -12.08 2.72 0.8 -0.2 2015121618 MELOR
28.0 1.0 -12.1 2.62 0.96 -1.08 2015121700 MELOR
