0.0 1.0 -9.9 2.48 0.8 -1.0 2016101218 SARIKA
1.0 1.0 -10.0 2.58 0.88 -1.0 2016101300 SARIKA
2.0 1.0 -10.12 2.64 0.88 -1.0 2016101306 SARIKA
3.0 1.0 -10.28 2.72 0.84 -0.88 2016101312 SARIKA
4.0 1.0 -10.44 2.76 0.76 -0.2 2016101318 SARIKA
5.0 1.0 -10.6 2.76 0.68 0.0 2016101400 SARIKA
6.0 1.0 -10.72 2.76 0.6 0.2 2016101406 SARIKA
7.0 1.0 -10.82 2.78 0.4 0.6 2016101412 SARIKA
8.0 1.0 -10.96 2.8 0.4 0.6 2016101418 SARIKA
9.0 1.0 -11.1 2.86 0.2 1.0 2016101500 SARIKA
10.0 1.0 -11.22 2.94 -0.1 1.6 2016101506 SARIKA
11.0 1.0 -11.4 3.02 -0.2 1.8 2016101512 SARIKA
12.0 1.0 -11.64 3.14 -0.5 2.2 2016101518 SARIKA
13.0 1.0 -12.02 3.24 0.1 1.4 2016101600 SARIKA
14.0 1.0 -12.34 3.3 0.1 1.2 2016101606 SARIKA
15.0 1.0 -12.54 3.34 0.2 1.0 2016101612 SARIKA
16.0 1.0 -12.88 3.36 0.2 1.0 2016101618 SARIKA
17.0 1.0 -13.14 3.42 0.2 0.8 2016101700 SARIKA
18.0 1.0 -13.38 3.48 0.2 0.8 2016101706 SARIKA
19.0 1.0 -13.52 3.54 0.2 0.8 2016101712 SARIKA
20.0 1.0 -13.68 3.62 0.2 0.8 2016101718 SARIKA
21.0 1.0 -13.86 3.72 0.2 0.8 2016101800 SARIKA
22.0 1.0 -14.02 3.8 0.3 0.6 2016101806 SARIKA
23.0 1.0 -14.14 3.92 0.5 0.2 2016101812 SARIKA
24.0 1.0 -14.24 4.02 0.6 0.0 2016101818 SARIKA
25.0 1.0 -14.34 4.18 0.68 -0.2 2016101900 SARIKA
26.0 1.0 -14.38 4.32 0.72 1.0 2016101906 SARIKA
27.0 1.0 -14.42 4.4 0.8 0.8 2016101912 SARIKA
28.0 1.0 -14.42 4.52 0.88 0.4 2016101918 SARIKA
29.0 1.0 -14.38 4.64 -0.2 0.2 2016102000 SARIKA
30.0 1.0 -14.26 4.76 -0.1 0.08 2016102006 SARIKA
