0.0 1.0 -6.04 2.0 null null 2016092106 MEGI
1.0 1.0 -6.78 2.12 null null 2016092112 MEGI
2.0 1.0 -7.02 2.2 null null 2016092118 MEGI
3.0 1.0 -7.16 2.32 null null 2016092200 MEGI
4.0 1.0 -7.34 2.46 null null 2016092206 MEGI
5.0 1.0 -7.64 2.66 null null 2016092212 MEGI
6.0 1.0 -7.84 2.92 0.84 -1.08 2016092218 MEGI
7.0 1.0 -7.98 3.14 0.8 -0.88 2016092300 MEGI
8.0 1.0 -8.12 3.22 0.8 -0.88 2016092306 MEGI
9.0 1.0 -8.3 3.28 0.76 -0.88 2016092312 MEGI
10.0 1.0 -8.5 3.38 0.68 -0.2 2016092318 MEGI
11.0 1.0 -8.7 3.48 0.6 0.0 2016092400 MEGI
12.0 1.0 -8.92 3.64 0.4 0.2 2016092406 MEGI
13.0 1.0 -9.2 3.7 0.3 0.6 2016092412 MEGI
14.0 1.0 -9.44 3.78 0.2 1.0 2016092418 MEGI
15.0 1.0 -9.68 3.88 0.2 1.0 2016092500 MEGI
16.0 1.0 -9.92 3.98 0.2 1.0 2016092506 MEGI
17.0 1.0 -10.12 4.02 0.2 1.0 2016092512 MEGI
18.0 1.0 -10.36 4.1 0.2 1.0 2016092518 MEGI
19.0 1.0 -10.54 4.16 0.2 1.0 2016092600 MEGI
20.0 1.0 -10.76 4.28 0.0 1.2 2016092606 MEGI
21.0 1.0 -10.94 4.38 0.0 1.2 2016092612 MEGI
22.0 1.0 -11.14 4.48 -0.2 1.6 2016092618 MEGI
23.0 1.0 -11.34 4.64 -0.3 1.8 2016092700 MEGI
24.0 1.0 -11.68 4.82 -0.2 1.6 2016092706 MEGI
25.0 1.0 -11.9 4.8 0.1 1.0 2016092712 MEGI
26.0 1.0 -12.12 4.92 0.3 0.6 2016092718 MEGI
27.0 1.0 -12.38 5.0 0.5 0.2 2016092800 MEGI
28.0 1.0 -12.62 5.0 0.6 -0.2 2016092806 MEGI
29.0 1.0 -12.72 5.06 0.68 -0.88 2016092812 MEGI
30.0 1.0 -12.78 5.12 0.76 -0.88 2016092818 MEGI
31.0 1.0 -12.76 5.22 0.84 -0.88 2016092900 MEGI
32.0 1.0 -12.66 5.34 0.84 -0.8 2016092906 MEGI
33.0 1.0 -12.58 5.52 0.7 -0.8 2016092912 MEGI
34.0 1.0 -12.5 5.76 0.64 -0.68 2016092918 MEGI
