0.0 1.0 -7.06 1.62 0.92 -1.0 2016070212 NEPARTAK
1.0 1.0 -7.02 1.68 0.88 -1.0 2016070218 NEPARTAK
2.0 1.0 -7.02 1.76 0.84 -0.2 2016070300 NEPARTAK
3.0 1.0 -7.04 1.86 0.84 -0.2 2016070306 NEPARTAK
4.0 1.0 -7.16 2.02 0.8 -0.2 2016070312 NEPARTAK
5.0 1.0 -7.3 2.18 0.72 0.0 2016070318 NEPARTAK
6.0 1.0 -7.56 2.36 0.72 0.0 2016070400 NEPARTAK
7.0 1.0 -7.78 2.52 0.68 0.2 2016070406 NEPARTAK
8.0 1.0 -8.08 2.7 0.6 0.4 2016070412 NEPARTAK
9.0 1.0 -8.36 2.9 0.4 0.8 2016070418 NEPARTAK
10.0 1.0 -8.68 3.06 0.1 1.0 2016070500 NEPARTAK
11.0 1.0 -8.98 3.26 -0.1 1.4 2016070506 NEPARTAK
12.0 1.0 -9.3 3.42 -0.4 1.8 2016070512 NEPARTAK
13.0 1.0 -9.62 3.6 -0.7 2.2 2016070518 NEPARTAK
14.0 1.0 -9.98 3.74 -0.9 2.4 2016070600 NEPARTAK
15.0 1.0 -10.3 3.9 -1.2 2.8 2016070606 NEPARTAK
16.0 1.0 -10.6 4.02 -1.2 2.8 2016070612 NEPARTAK
17.0 1.0 -10.88 4.14 -1.2 2.8 2016070618 NEPARTAK
18.0 1.0 -11.14 4.26 -1.2 2.8 2016070700 NEPARTAK
19.0 1.0 -11.32 4.32 -1.2 2.8 2016070706 NEPARTAK
20.0 1.0 -11.48 4.4 -1.2 2.8 2016070712 NEPARTAK
21.0 1.0 -11.66 4.48 -0.8 2.0 2016070718 NEPARTAK
22.0 1.0 -11.88 4.52 -0.2 1.4 2016070800 NEPARTAK
23.0 1.0 -12.0 4.64 0.3 1.0 2016070806 NEPARTAK
24.0 1.0 -12.06 4.68 0.5 0.4 2016070812 NEPARTAK
25.0 1.0 -12.1 4.74 0.5 0.2 2016070818 NEPARTAK
26.0 1.0 -12.2 4.88 0.64 -0.2 2016070900 NEPARTAK
27.0 1.0 -12.28 4.96 0.68 -0.8 2016070906 NEPARTAK
28.0 1.0 -12.4 5.04 0.72 -0.88 2016070912 NEPARTAK
29.0 1.0 -12.6 5.18 0.72 -1.0 2016070918 NEPARTAK
30.0 1.0 -12.68 5.28 0.76 -1.08 2016071000 NEPARTAK
