0.0 1.0 -7.24 2.64 null null 2016090818 MERANTI
1.0 1.0 -7.38 2.7 0.84 -1.08 2016090900 MERANTI
2.0 1.0 -7.5 2.8 0.84 -1.08 2016090906 MERANTI
3.0 1.0 -7.64 2.82 0.88 -1.0 2016090912 MERANTI
4.0 1.0 -7.78 2.86 0.88 -1.0 2016090918 MERANTI
5.0 1.0 -8.0 2.9 0.88 -1.0 2016091000 MERANTI
6.0 1.0 -8.22 2.98 0.8 -0.2 2016091006 MERANTI
7.0 1.0 -8.44 3.06 0.76 -0.2 2016091012 MERANTI
8.0 1.0 -8.62 3.16 0.6 0.2 2016091018 MERANTI
9.0 1.0 -8.86 3.26 0.4 0.6 2016091100 MERANTI
10.0 1.0 -9.1 3.34 0.2 1.0 2016091106 MERANTI
11.0 1.0 -9.38 3.46 -0.2 1.6 2016091112 MERANTI
12.0 1.0 -9.66 3.52 -0.4 1.8 2016091118 MERANTI
13.0 1.0 -9.92 3.6 -0.6 2.2 2016091200 MERANTI
14.0 1.0 -10.12 3.66 -0.8 2.4 2016091206 MERANTI
15.0 1.0 -10.36 3.78 -1.0 2.6 2016091212 MERANTI
16.0 1.0 -10.66 3.86 -1.0 2.6 2016091218 MERANTI
17.0 1.0 -10.9 3.92 -1.2 3.0 2016091300 MERANTI
18.0 1.0 -11.18 4.04 -1.2 3.0 2016091306 MERANTI
19.0 1.0 -11.42 4.08 -1.4 3.2 2016091312 MERANTI
20.0 1.0 -11.64 4.16 -1.2 3.0 2016091318 MERANTI
21.0 1.0 -11.84 4.3 -1.0 2.6 2016091400 MERANTI
22.0 1.0 -12.04 4.5 -0.6 2.0 2016091406 MERANTI
23.0 1.0 -12.2 4.68 -0.4 1.8 2016091412 MERANTI
24.0 1.0 -12.32 4.86 0.1 1.2 2016091418 MERANTI
25.0 1.0 -12.48 5.04 0.4 0.6 2016091500 MERANTI
26.0 1.0 -12.62 5.24 0.72 0.2 2016091506 MERANTI
27.0 1.0 -12.58 5.44 0.84 0.08 2016091512 MERANTI
28.0 1.0 -12.48 5.7 0.88 0.08 2016091518 MERANTI
29.0 1.0 -12.24 6.04 0.88 0.08 2016091600 MERANTI
30.0 1.0 -12.02 6.34 0.88 0.2 2016091606 MERANTI
31.0 1.0 -11.7 6.58 0.88 0.32 2016091612 MERANTI
32.0 1.0 -11.36 6.74 0.88 0.4 2016091618 MERANTI
33.0 1.0 -11.24 6.7 0.88 0.4 2016091700 MERANTI
34.0 1.0 -11.12 6.64 0.88 0.4 2016091706 MERANTI
35.0 1.0 -10.96 6.64 0.92 0.32 2016091712 MERANTI
