0.0 1.0 -13.14 2.46 0.84 -0.28 2016091106 RAI
1.0 1.0 -13.2 2.5 0.84 -1.0 2016091112 RAI
2.0 1.0 -13.34 2.62 0.84 -1.08 2016091118 RAI
3.0 1.0 -13.56 2.74 0.84 -1.08 2016091200 RAI
4.0 1.0 -13.8 2.86 0.84 -1.0 2016091206 RAI
5.0 1.0 -13.98 2.96 0.8 -1.0 2016091212 RAI
6.0 1.0 -14.22 3.08 0.72 -0.2 2016091218 RAI
7.0 1.0 -14.52 3.18 0.72 -0.2 2016091300 RAI
8.0 1.0 -14.8 3.2 0.76 -0.8 2016091306 RAI
9.0 1.0 -15.06 3.22 0.8 -0.68 2016091312 RAI
10.0 1.0 -15.28 3.26 0.88 -0.6 2016091318 RAI
11.0 1.0 -15.44 3.34 0.4 -0.4 2016091400 RAI
12.0 1.0 -15.62 3.44 0.3 -0.28 2016091406 RAI
