0.0 1.0 -13.08 3.52 null null 2016052600 UNNAMED_N18115
1.0 1.0 -13.1 3.74 0.84 -1.08 2016052606 UNNAMED_N18115
2.0 1.0 -13.28 3.8 0.84 -1.08 2016052612 UNNAMED_N18115
3.0 1.0 -13.44 3.92 0.84 -1.08 2016052618 UNNAMED_N18115
4.0 1.0 -13.5 4.08 0.76 -1.0 2016052700 UNNAMED_N18115
5.0 1.0 -13.54 4.26 0.76 -1.0 2016052706 UNNAMED_N18115
6.0 1.0 -13.54 4.48 0.8 -1.08 2016052712 UNNAMED_N18115
7.0 1.0 -13.48 4.74 0.84 -1.08 2016052718 UNNAMED_N18115
8.0 1.0 -13.32 4.94 0.9 -1.2 2016052800 UNNAMED_N18115
9.0 1.0 -13.08 5.14 0.9 -1.2 2016052806 UNNAMED_N18115
