0.0 1.0 -10.5 2.12 null null 2016072906 NIDA
1.0 1.0 -10.56 2.38 0.84 -1.08 2016072912 NIDA
2.0 1.0 -10.58 2.54 0.84 -1.0 2016072918 NIDA
3.0 1.0 -10.64 2.78 0.84 -0.88 2016073000 NIDA
4.0 1.0 -10.78 3.04 0.76 -0.2 2016073006 NIDA
5.0 1.0 -11.06 3.2 0.68 0.0 2016073012 NIDA
6.0 1.0 -11.22 3.32 0.6 0.2 2016073018 NIDA
7.0 1.0 -11.38 3.46 0.5 0.4 2016073100 NIDA
8.0 1.0 -11.56 3.62 0.3 0.8 2016073106 NIDA
9.0 1.0 -11.76 3.74 0.3 0.8 2016073112 NIDA
10.0 1.0 -11.98 3.88 0.4 0.6 2016073118 NIDA
11.0 1.0 -12.22 4.02 0.4 0.6 2016080100 NIDA
12.0 1.0 -12.5 4.22 0.4 0.6 2016080106 NIDA
13.0 1.0 -12.78 4.34 0.4 0.6 2016080112 NIDA
14.0 1.0 -13.02 4.48 0.4 0.4 2016080118 NIDA
15.0 1.0 -13.3 4.56 0.5 0.2 2016080200 NIDA
16.0 1.0 -13.56 4.68 0.6 -0.2 2016080206 NIDA
17.0 1.0 -13.82 4.78 0.68 -1.0 2016080212 NIDA
18.0 1.0 -14.12 4.86 0.72 -1.08 2016080218 NIDA
19.0 1.0 -14.42 5.0 0.76 -1.2 2016080300 NIDA
