0.0 1.0 -12.82 3.42 0.8 -0.88 2016072506 MIRINAE
1.0 1.0 -13.02 3.44 0.92 -1.08 2016072512 MIRINAE
2.0 1.0 -13.2 3.48 0.88 -1.08 2016072518 MIRINAE
3.0 1.0 -13.42 3.6 0.84 -1.0 2016072600 MIRINAE
4.0 1.0 -13.62 3.68 0.76 0.0 2016072606 MIRINAE
5.0 1.0 -13.82 3.74 0.72 0.0 2016072612 MIRINAE
6.0 1.0 -14.08 3.8 0.72 0.0 2016072618 MIRINAE
7.0 1.0 -14.3 3.9 0.76 -0.2 2016072700 MIRINAE
8.0 1.0 -14.54 3.96 0.6 0.2 2016072706 MIRINAE
9.0 1.0 -14.66 4.0 0.4 0.6 2016072712 MIRINAE
10.0 1.0 -14.76 4.04 0.5 0.2 2016072718 MIRINAE
11.0 1.0 -14.88 4.14 0.72 -0.2 2016072800 MIRINAE
12.0 1.0 -15.0 4.28 0.8 -1.0 2016072806 MIRINAE
13.0 1.0 -15.04 4.46 0.88 null 2016072812 MIRINAE
14.0 1.0 -15.08 4.62 null null 2016072818 MIRINAE
