0.0 1.0 -10.02 1.86 null null 2016112306 TOKAGE
1.0 1.0 -10.18 1.94 null null 2016112312 TOKAGE
2.0 1.0 -10.28 1.9 null null 2016112318 TOKAGE
3.0 1.0 -10.52 1.92 0.92 -1.08 2016112400 TOKAGE
4.0 1.0 -10.78 2.04 0.88 -1.08 2016112406 TOKAGE
5.0 1.0 -11.04 2.14 0.84 -1.0 2016112412 TOKAGE
6.0 1.0 -11.3 2.22 0.8 -1.0 2016112418 TOKAGE
7.0 1.0 -11.5 2.28 0.8 -0.88 2016112500 TOKAGE
8.0 1.0 -11.74 2.3 0.8 -0.88 2016112506 TOKAGE
9.0 1.0 -11.86 2.36 0.76 -0.2 2016112512 TOKAGE
10.0 1.0 -12.02 2.5 0.68 0.2 2016112518 TOKAGE
11.0 1.0 -12.26 2.64 0.64 0.4 2016112600 TOKAGE
12.0 1.0 -12.44 2.76 0.68 0.2 2016112606 TOKAGE
13.0 1.0 -12.54 2.9 0.68 0.2 2016112612 TOKAGE
14.0 1.0 -12.56 3.02 0.68 0.2 2016112618 TOKAGE
15.0 1.0 -12.5 3.16 0.68 0.2 2016112700 TOKAGE
16.0 1.0 -12.4 3.3 0.68 0.2 2016112706 TOKAGE
17.0 1.0 -12.34 3.38 0.68 0.2 2016112712 TOKAGE
18.0 1.0 -12.32 3.42 0.8 -0.2 2016112718 TOKAGE
19.0 1.0 -12.26 3.44 0.92 -1.0 2016112800 TOKAGE
