0.0 1.0 -9.2 1.64 0.92 -1.08 2017122000 TEMBIN
1.0 1.0 -9.44 1.7 0.88 -1.08 2017122006 TEMBIN
2.0 1.0 -9.62 1.74 0.84 -1.0 2017122012 TEMBIN
3.0 1.0 -9.84 1.72 0.76 -0.2 2017122018 TEMBIN
4.0 1.0 -10.06 1.7 0.72 0.0 2017122100 TEMBIN
5.0 1.0 -10.24 1.66 0.68 0.2 2017122106 TEMBIN
6.0 1.0 -10.46 1.6 0.64 0.2 2017122112 TEMBIN
7.0 1.0 -10.66 1.58 0.6 0.4 2017122118 TEMBIN
8.0 1.0 -10.92 1.56 0.64 0.2 2017122200 TEMBIN
9.0 1.0 -11.24 1.56 0.68 0.0 2017122206 TEMBIN
10.0 1.0 -11.52 1.58 0.64 0.2 2017122212 TEMBIN
11.0 1.0 -11.74 1.56 0.6 0.4 2017122218 TEMBIN
12.0 1.0 -11.94 1.54 0.5 0.6 2017122300 TEMBIN
13.0 1.0 -12.24 1.52 0.4 0.8 2017122306 TEMBIN
14.0 1.0 -12.5 1.54 0.3 1.0 2017122312 TEMBIN
15.0 1.0 -12.82 1.6 0.3 1.0 2017122318 TEMBIN
16.0 1.0 -13.06 1.62 0.2 1.2 2017122400 TEMBIN
17.0 1.0 -13.34 1.64 0.2 1.2 2017122406 TEMBIN
18.0 1.0 -13.6 1.66 0.3 1.0 2017122412 TEMBIN
19.0 1.0 -13.82 1.64 0.4 0.6 2017122418 TEMBIN
20.0 1.0 -14.04 1.62 0.64 0.2 2017122500 TEMBIN
21.0 1.0 -14.24 1.64 0.72 0.0 2017122506 TEMBIN
22.0 1.0 -14.5 1.7 0.88 -0.68 2017122512 TEMBIN
23.0 1.0 -14.8 1.68 0.92 -0.8 2017122518 TEMBIN
24.0 1.0 -15.04 1.68 0.96 -1.0 2017122600 TEMBIN
25.0 1.0 -15.16 1.68 0.96 -1.08 2017122606 TEMBIN
26.0 1.0 -15.28 1.7 null null 2017122612 TEMBIN
