0.0 1.0 -15.52 1.44 0.3 -0.28 2017110300 UNNAMED_N07102
1.0 1.0 -15.64 1.46 0.2 -0.2 2017110306 UNNAMED_N07102
2.0 1.0 -15.66 1.4 0.1 -0.08 2017110312 UNNAMED_N07102
3.0 1.0 -15.74 1.32 -0.1 0.08 2017110318 UNNAMED_N07102
4.0 1.0 -15.86 1.28 0.1 -0.08 2017110400 UNNAMED_N07102
5.0 1.0 -15.92 1.2 0.5 -0.48 2017110406 UNNAMED_N07102
6.0 1.0 -15.94 1.12 0.8 -0.88 2017110412 UNNAMED_N07102
7.0 1.0 -15.92 1.04 0.88 -1.0 2017110418 UNNAMED_N07102
8.0 1.0 -15.82 1.02 0.96 -1.08 2017110500 UNNAMED_N07102
9.0 1.0 -15.68 1.04 null null 2017110506 UNNAMED_N07102
10.0 1.0 -15.6 1.16 null null 2017110512 UNNAMED_N07102
11.0 1.0 -15.48 1.3 null null 2017110518 UNNAMED_N07102
12.0 1.0 -15.48 1.5 null null 2017110600 UNNAMED_N07102
13.0 1.0 -15.48 1.66 null null 2017110606 UNNAMED_N07102
14.0 1.0 -15.5 1.76 null null 2017110612 UNNAMED_N07102
15.0 1.0 -15.6 1.86 null null 2017110618 UNNAMED_N07102
16.0 1.0 -15.72 1.98 null null 2017110700 UNNAMED_N07102
17.0 1.0 -15.86 2.1 null null 2017110706 UNNAMED_N07102
18.0 1.0 -15.9 2.18 null null 2017110712 UNNAMED_N07102
19.0 1.0 -16.0 2.22 0.92 -1.08 2017110718 UNNAMED_N07102
20.0 1.0 -16.08 2.26 0.92 -1.08 2017110800 UNNAMED_N07102
