0.0 1.0 -10.04 2.14 1.0 -1.2 2017041406 UNNAMED_N11130
1.0 1.0 -10.24 2.12 1.0 -1.2 2017041412 UNNAMED_N11130
2.0 1.0 -10.44 2.16 1.0 -1.2 2017041418 UNNAMED_N11130
3.0 1.0 -10.58 2.2 0.96 -1.08 2017041500 UNNAMED_N11130
4.0 1.0 -10.74 2.24 0.96 -1.08 2017041506 UNNAMED_N11130
5.0 1.0 -10.9 2.26 0.96 -1.08 2017041512 UNNAMED_N11130
6.0 1.0 -11.08 2.24 0.96 -1.08 2017041518 UNNAMED_N11130
7.0 1.0 -11.32 2.26 0.96 -1.2 2017041600 UNNAMED_N11130
8.0 1.0 -11.5 2.32 0.96 -1.2 2017041606 UNNAMED_N11130
9.0 1.0 -11.82 2.46 1.0 -1.2 2017041612 UNNAMED_N11130
10.0 1.0 -12.16 2.58 1.0 -1.2 2017041618 UNNAMED_N11130
11.0 1.0 -12.4 2.72 1.0 -1.2 2017041700 UNNAMED_N11130
12.0 1.0 -12.58 2.84 1.0 -1.2 2017041706 UNNAMED_N11130
13.0 1.0 -12.66 2.92 1.0 -1.2 2017041712 UNNAMED_N11130
14.0 1.0 -12.64 3.0 1.0 -1.2 2017041718 UNNAMED_N11130
15.0 1.0 -12.62 3.06 0.92 -1.08 2017041800 UNNAMED_N11130
16.0 1.0 -12.56 3.18 0.92 -1.08 2017041806 UNNAMED_N11130
17.0 1.0 -12.48 3.26 0.92 -1.08 2017041812 UNNAMED_N11130
18.0 1.0 -12.42 3.36 0.92 -1.08 2017041818 UNNAMED_N11130
19.0 1.0 -12.4 3.48 0.92 -1.08 2017041900 UNNAMED_N11130
20.0 1.0 -12.36 3.64 0.96 -1.08 2017041906 UNNAMED_N11130
21.0 1.0 -12.26 3.84 0.96 -1.08 2017041912 UNNAMED_N11130
22.0 1.0 -12.06 4.02 1.0 -1.2 2017041918 UNNAMED_N11130
23.0 1.0 -11.82 4.16 1.0 -1.2 2017042000 UNNAMED_N11130
24.0 1.0 -11.56 4.34 1.0 -1.2 2017042006 UNNAMED_N11130
