0.0 1.0 -9.2 3.1 0.84 null 2017101100 KHANUN
1.0 1.0 -9.56 3.26 0.84 -1.08 2017101106 KHANUN
2.0 1.0 -9.94 3.34 0.84 -1.08 2017101112 KHANUN
3.0 1.0 -10.36 3.44 0.8 -1.08 2017101118 KHANUN
4.0 1.0 -10.7 3.56 0.8 -1.08 2017101200 KHANUN
5.0 1.0 -11.06 3.62 0.76 -1.0 2017101206 KHANUN
6.0 1.0 -11.32 3.64 0.72 -0.2 2017101212 KHANUN
7.0 1.0 -11.6 3.64 0.68 -0.2 2017101218 KHANUN
8.0 1.0 -11.9 3.54 0.64 -0.2 2017101300 KHANUN
9.0 1.0 -12.12 3.44 0.5 0.2 2017101306 KHANUN
10.0 1.0 -12.22 3.4 0.5 0.2 2017101312 KHANUN
11.0 1.0 -12.28 3.4 0.4 0.4 2017101318 KHANUN
12.0 1.0 -12.32 3.44 0.4 0.4 2017101400 KHANUN
13.0 1.0 -12.4 3.56 0.3 0.6 2017101406 KHANUN
14.0 1.0 -12.5 3.72 0.2 0.8 2017101412 KHANUN
15.0 1.0 -12.72 3.9 0.0 1.2 2017101418 KHANUN
16.0 1.0 -13.04 4.0 -0.1 1.4 2017101500 KHANUN
17.0 1.0 -13.32 4.1 0.0 1.2 2017101506 KHANUN
18.0 1.0 -13.64 4.16 0.3 0.4 2017101512 KHANUN
19.0 1.0 -13.88 4.14 0.6 0.0 2017101518 KHANUN
20.0 1.0 -14.04 4.06 0.88 -0.88 2017101600 KHANUN
21.0 1.0 -14.12 4.08 0.88 -0.8 2017101606 KHANUN
