0.0 1.0 -13.18 3.2 0.88 null 2017071400 TALAS
1.0 1.0 -13.3 3.26 0.88 -1.08 2017071406 TALAS
2.0 1.0 -13.4 3.3 0.84 -1.08 2017071412 TALAS
3.0 1.0 -13.48 3.32 0.84 -1.0 2017071418 TALAS
4.0 1.0 -13.56 3.36 0.8 -1.0 2017071500 TALAS
5.0 1.0 -13.64 3.4 0.76 -0.2 2017071506 TALAS
6.0 1.0 -13.76 3.44 0.72 0.0 2017071512 TALAS
7.0 1.0 -13.94 3.5 0.72 0.0 2017071518 TALAS
8.0 1.0 -14.12 3.54 0.64 0.2 2017071600 TALAS
9.0 1.0 -14.32 3.62 0.6 0.4 2017071606 TALAS
10.0 1.0 -14.58 3.68 0.6 0.4 2017071612 TALAS
11.0 1.0 -14.86 3.72 0.5 0.4 2017071618 TALAS
12.0 1.0 -15.22 3.78 0.64 0.0 2017071700 TALAS
13.0 1.0 -15.58 3.8 0.72 -0.2 2017071706 TALAS
14.0 1.0 -15.84 3.86 0.76 -1.0 2017071712 TALAS
15.0 1.0 -15.96 3.92 0.8 -1.08 2017071718 TALAS
