0.0 1.0 -10.24 3.06 1.0 -1.08 2017082400 PAKHAR
1.0 1.0 -10.48 3.08 0.96 -1.0 2017082406 PAKHAR
2.0 1.0 -10.76 3.08 0.92 -0.88 2017082412 PAKHAR
3.0 1.0 -11.02 3.02 0.8 -0.2 2017082418 PAKHAR
4.0 1.0 -11.22 3.0 0.72 0.0 2017082500 PAKHAR
5.0 1.0 -11.4 3.08 0.72 0.0 2017082506 PAKHAR
6.0 1.0 -11.54 3.2 0.68 0.2 2017082512 PAKHAR
7.0 1.0 -11.76 3.34 0.76 0.0 2017082518 PAKHAR
8.0 1.0 -12.08 3.5 0.72 0.0 2017082600 PAKHAR
9.0 1.0 -12.36 3.64 0.68 0.0 2017082606 PAKHAR
10.0 1.0 -12.68 3.84 0.64 0.2 2017082612 PAKHAR
11.0 1.0 -13.02 4.12 0.6 0.4 2017082618 PAKHAR
12.0 1.0 -13.32 4.38 0.5 0.6 2017082700 PAKHAR
13.0 1.0 -13.68 4.62 0.72 0.0 2017082706 PAKHAR
14.0 1.0 -14.02 4.74 0.76 -0.2 2017082712 PAKHAR
15.0 1.0 -14.28 4.82 0.84 -1.08 2017082718 PAKHAR
16.0 1.0 -14.52 4.78 0.88 -1.0 2017082800 PAKHAR
