0.0 1.0 -12.12 2.64 0.92 -1.08 2017061000 MERBOK
1.0 1.0 -12.26 2.7 0.92 -1.08 2017061006 MERBOK
2.0 1.0 -12.42 2.86 0.92 -1.08 2017061012 MERBOK
3.0 1.0 -12.52 3.04 0.88 -1.08 2017061018 MERBOK
4.0 1.0 -12.62 3.24 0.84 -0.2 2017061100 MERBOK
5.0 1.0 -12.68 3.46 0.84 -0.2 2017061106 MERBOK
6.0 1.0 -12.76 3.62 0.84 -0.2 2017061112 MERBOK
7.0 1.0 -12.86 3.86 0.76 0.0 2017061118 MERBOK
8.0 1.0 -12.98 4.04 0.68 0.2 2017061200 MERBOK
9.0 1.0 -13.08 4.22 0.6 0.4 2017061206 MERBOK
10.0 1.0 -13.1 4.4 0.5 0.6 2017061212 MERBOK
11.0 1.0 -13.08 4.58 0.68 0.2 2017061218 MERBOK
12.0 1.0 -13.04 4.78 0.84 -1.0 2017061300 MERBOK
13.0 1.0 -12.9 5.04 0.88 -1.08 2017061306 MERBOK
14.0 1.0 -12.72 5.24 0.9 -1.2 2017061312 MERBOK
15.0 1.0 -12.54 5.5 0.92 -1.2 2017061318 MERBOK
