0.0 1.0 -10.22 2.54 0.84 -1.08 2017072500 NESAT
1.0 1.0 -10.26 2.64 0.84 -1.08 2017072506 NESAT
2.0 1.0 -10.24 2.8 0.84 -1.08 2017072512 NESAT
3.0 1.0 -10.34 2.96 0.8 -0.2 2017072518 NESAT
4.0 1.0 -10.36 3.12 0.72 0.0 2017072600 NESAT
5.0 1.0 -10.38 3.24 0.72 0.0 2017072606 NESAT
6.0 1.0 -10.42 3.34 0.72 0.0 2017072612 NESAT
7.0 1.0 -10.46 3.44 0.68 0.2 2017072618 NESAT
8.0 1.0 -10.48 3.54 0.6 0.4 2017072700 NESAT
9.0 1.0 -10.54 3.62 0.6 0.4 2017072706 NESAT
10.0 1.0 -10.6 3.74 0.6 0.4 2017072712 NESAT
11.0 1.0 -10.72 3.88 0.6 0.4 2017072718 NESAT
12.0 1.0 -10.88 4.0 0.5 0.6 2017072800 NESAT
13.0 1.0 -11.0 4.12 0.3 1.0 2017072806 NESAT
14.0 1.0 -11.12 4.22 0.2 1.2 2017072812 NESAT
15.0 1.0 -11.28 4.34 0.0 1.6 2017072818 NESAT
16.0 1.0 -11.36 4.48 0.0 1.6 2017072900 NESAT
17.0 1.0 -11.46 4.68 0.0 1.6 2017072906 NESAT
18.0 1.0 -11.64 4.92 0.0 1.6 2017072912 NESAT
19.0 1.0 -11.94 5.02 0.2 1.2 2017072918 NESAT
20.0 1.0 -12.16 5.16 0.5 0.4 2017073000 NESAT
21.0 1.0 -12.4 5.2 0.6 -0.2 2017073006 NESAT
22.0 1.0 -12.56 5.16 0.64 -0.8 2017073012 NESAT
23.0 1.0 -12.66 5.06 0.64 -0.8 2017073018 NESAT
24.0 1.0 -12.68 4.96 0.56 -0.68 2017073100 NESAT
