0.0 1.0 -12.8 3.22 0.96 -1.08 2017072012 SONCA
1.0 1.0 -12.94 3.38 0.92 -1.0 2017072018 SONCA
2.0 1.0 -13.08 3.48 0.92 -1.08 2017072100 SONCA
3.0 1.0 -13.22 3.52 0.92 -1.08 2017072106 SONCA
4.0 1.0 -13.36 3.56 0.92 -1.08 2017072112 SONCA
5.0 1.0 -13.44 3.56 0.88 -1.08 2017072118 SONCA
6.0 1.0 -13.52 3.56 0.88 -1.08 2017072200 SONCA
7.0 1.0 -13.58 3.56 0.84 -1.0 2017072206 SONCA
8.0 1.0 -13.64 3.54 0.84 -0.88 2017072212 SONCA
9.0 1.0 -13.68 3.52 0.84 -0.88 2017072218 SONCA
10.0 1.0 -13.7 3.52 0.8 -0.2 2017072300 SONCA
11.0 1.0 -13.72 3.5 0.8 -0.2 2017072306 SONCA
12.0 1.0 -13.72 3.48 0.8 -0.2 2017072312 SONCA
13.0 1.0 -13.72 3.44 0.76 -0.2 2017072318 SONCA
14.0 1.0 -13.76 3.42 0.76 -0.2 2017072400 SONCA
15.0 1.0 -13.84 3.4 0.72 -0.2 2017072406 SONCA
16.0 1.0 -13.94 3.38 0.72 -0.2 2017072412 SONCA
17.0 1.0 -14.08 3.4 0.68 -0.2 2017072418 SONCA
18.0 1.0 -14.26 3.42 0.68 -0.2 2017072500 SONCA
19.0 1.0 -14.52 3.42 0.68 -0.2 2017072506 SONCA
20.0 1.0 -14.74 3.36 0.76 -1.08 2017072512 SONCA
21.0 1.0 -14.98 3.3 0.76 -1.08 2017072518 SONCA
22.0 1.0 -15.16 3.24 0.76 -1.0 2017072600 SONCA
23.0 1.0 -15.26 3.22 0.76 -0.88 2017072606 SONCA
24.0 1.0 -15.34 3.24 0.76 -0.8 2017072612 SONCA
25.0 1.0 -15.4 3.24 0.76 -0.68 2017072618 SONCA
26.0 1.0 -15.36 3.3 0.76 -0.6 2017072700 SONCA
27.0 1.0 -15.3 3.34 0.76 -0.6 2017072706 SONCA
28.0 1.0 -15.24 3.38 0.8 -1.08 2017072712 SONCA
29.0 1.0 -15.18 3.44 0.8 -1.08 2017072718 SONCA
30.0 1.0 -15.18 3.48 0.84 -1.0 2017072800 SONCA
31.0 1.0 -15.18 3.52 0.84 -1.0 2017072806 SONCA
32.0 1.0 -15.24 3.52 0.84 -0.88 2017072812 SONCA
33.0 1.0 -15.28 3.54 0.88 -0.88 2017072818 SONCA
34.0 1.0 -15.28 3.54 0.88 -0.88 2017072900 SONCA
35.0 1.0 -15.24 3.58 0.84 -0.88 2017072906 SONCA
36.0 1.0 -15.28 3.6 0.84 -0.8 2017072912 SONCA
