0.0 1.0 -11.6 3.78 0.84 -0.6 2017083006 MAWAR
1.0 1.0 -11.82 3.78 0.88 -0.6 2017083012 MAWAR
2.0 1.0 -11.98 3.76 0.84 -0.48 2017083018 MAWAR
3.0 1.0 -12.06 3.78 0.84 -1.08 2017083100 MAWAR
4.0 1.0 -12.12 3.82 0.84 -1.08 2017083106 MAWAR
5.0 1.0 -12.16 3.88 0.8 -1.0 2017083112 MAWAR
6.0 1.0 -12.18 3.94 0.76 -0.2 2017083118 MAWAR
7.0 1.0 -12.22 4.0 0.76 -0.2 2017090100 MAWAR
8.0 1.0 -12.28 4.08 0.76 -0.2 2017090106 MAWAR
9.0 1.0 -12.34 4.14 0.72 0.0 2017090112 MAWAR
10.0 1.0 -12.46 4.2 0.68 0.2 2017090118 MAWAR
11.0 1.0 -12.52 4.22 0.6 0.4 2017090200 MAWAR
12.0 1.0 -12.56 4.26 0.6 0.4 2017090206 MAWAR
13.0 1.0 -12.58 4.28 0.6 0.4 2017090212 MAWAR
14.0 1.0 -12.62 4.34 0.6 0.4 2017090218 MAWAR
15.0 1.0 -12.68 4.38 0.6 0.4 2017090300 MAWAR
16.0 1.0 -12.72 4.46 0.6 0.4 2017090306 MAWAR
17.0 1.0 -12.78 4.52 0.64 0.2 2017090312 MAWAR
18.0 1.0 -12.92 4.62 0.8 -0.2 2017090318 MAWAR
19.0 1.0 -13.08 4.68 0.88 -1.08 2017090400 MAWAR
20.0 1.0 -13.32 4.72 0.88 -1.08 2017090406 MAWAR
