0.0 1.0 -9.98 3.82 0.92 null 2017081912 HATO
1.0 1.0 -10.08 3.8 0.88 -1.08 2017081918 HATO
2.0 1.0 -10.24 3.86 0.88 -1.0 2017082000 HATO
3.0 1.0 -10.46 3.9 0.84 -1.0 2017082006 HATO
4.0 1.0 -10.66 3.92 0.76 -0.2 2017082012 HATO
5.0 1.0 -10.82 3.96 0.72 -0.2 2017082018 HATO
6.0 1.0 -10.98 4.02 0.68 -0.2 2017082100 HATO
7.0 1.0 -11.18 4.06 0.68 -0.2 2017082106 HATO
8.0 1.0 -11.42 4.06 0.6 0.0 2017082112 HATO
9.0 1.0 -11.74 4.02 0.6 0.0 2017082118 HATO
10.0 1.0 -12.0 4.06 0.5 0.2 2017082200 HATO
11.0 1.0 -12.26 4.08 0.3 0.8 2017082206 HATO
12.0 1.0 -12.54 4.12 0.3 0.8 2017082212 HATO
13.0 1.0 -12.8 4.2 0.2 1.0 2017082218 HATO
14.0 1.0 -13.1 4.3 0.1 1.4 2017082300 HATO
15.0 1.0 -13.42 4.44 0.1 1.4 2017082306 HATO
16.0 1.0 -13.82 4.54 0.5 0.4 2017082312 HATO
17.0 1.0 -14.18 4.62 0.68 0.0 2017082318 HATO
18.0 1.0 -14.48 4.68 0.72 -0.2 2017082400 HATO
19.0 1.0 -14.76 4.74 0.72 -0.2 2017082406 HATO
20.0 1.0 -15.06 4.76 0.76 -0.88 2017082412 HATO
21.0 1.0 -15.52 4.74 0.8 -0.8 2017082418 HATO
22.0 1.0 -16.06 4.74 0.7 -0.8 2017082500 HATO
