0.0 1.0 -11.28 1.42 0.92 null 2017111612 KIROGI
1.0 1.0 -11.58 1.6 0.92 -1.08 2017111618 KIROGI
2.0 1.0 -11.96 1.74 0.92 -1.08 2017111700 KIROGI
3.0 1.0 -12.26 1.98 0.88 -1.0 2017111706 KIROGI
4.0 1.0 -12.52 2.06 0.88 -1.0 2017111712 KIROGI
5.0 1.0 -12.8 2.14 0.84 -1.0 2017111718 KIROGI
6.0 1.0 -13.04 2.24 0.8 -0.2 2017111800 KIROGI
7.0 1.0 -13.32 2.28 0.8 -0.2 2017111806 KIROGI
8.0 1.0 -13.5 2.26 0.8 -0.2 2017111812 KIROGI
9.0 1.0 -13.66 2.18 0.8 -0.2 2017111818 KIROGI
10.0 1.0 -13.88 2.16 0.84 -0.88 2017111900 KIROGI
11.0 1.0 -14.18 2.26 0.88 -1.0 2017111906 KIROGI
12.0 1.0 -14.5 2.44 0.92 -1.08 2017111912 KIROGI
