0.0 1.0 -9.9 2.16 null null 2017121218 KAI-TAK
1.0 1.0 -10.04 2.24 0.88 -1.08 2017121300 KAI-TAK
2.0 1.0 -10.2 2.28 0.88 -1.08 2017121306 KAI-TAK
3.0 1.0 -10.32 2.3 0.88 -1.08 2017121312 KAI-TAK
4.0 1.0 -10.42 2.28 0.84 -1.0 2017121318 KAI-TAK
5.0 1.0 -10.44 2.24 0.8 -0.2 2017121400 KAI-TAK
6.0 1.0 -10.44 2.24 0.8 -0.2 2017121406 KAI-TAK
7.0 1.0 -10.46 2.26 0.76 0.0 2017121412 KAI-TAK
8.0 1.0 -10.46 2.28 0.76 0.0 2017121418 KAI-TAK
9.0 1.0 -10.44 2.32 0.72 0.0 2017121500 KAI-TAK
10.0 1.0 -10.46 2.34 0.68 0.0 2017121506 KAI-TAK
11.0 1.0 -10.48 2.36 0.72 -0.2 2017121512 KAI-TAK
12.0 1.0 -10.62 2.44 0.72 -0.2 2017121518 KAI-TAK
13.0 1.0 -10.72 2.46 0.76 -0.2 2017121600 KAI-TAK
14.0 1.0 -10.84 2.44 0.76 -0.2 2017121606 KAI-TAK
15.0 1.0 -10.94 2.42 0.84 -0.68 2017121612 KAI-TAK
16.0 1.0 -11.04 2.42 0.84 -0.8 2017121618 KAI-TAK
17.0 1.0 -11.18 2.42 0.88 -0.88 2017121700 KAI-TAK
18.0 1.0 -11.48 2.36 0.88 -0.88 2017121706 KAI-TAK
19.0 1.0 -11.7 2.28 0.88 -0.88 2017121712 KAI-TAK
20.0 1.0 -11.92 2.16 0.88 -0.88 2017121718 KAI-TAK
21.0 1.0 -12.08 2.1 0.88 -0.88 2017121800 KAI-TAK
22.0 1.0 -12.22 2.08 0.88 -0.88 2017121806 KAI-TAK
23.0 1.0 -12.44 2.06 0.88 -0.88 2017121812 KAI-TAK
24.0 1.0 -12.64 1.96 0.88 -0.88 2017121818 KAI-TAK
25.0 1.0 -12.78 1.9 0.88 -0.88 2017121900 KAI-TAK
26.0 1.0 -12.94 1.82 0.84 -0.8 2017121906 KAI-TAK
27.0 1.0 -13.08 1.72 0.84 -0.8 2017121912 KAI-TAK
28.0 1.0 -13.26 1.66 0.84 -0.8 2017121918 KAI-TAK
29.0 1.0 -13.4 1.58 0.8 -0.2 2017122000 KAI-TAK
30.0 1.0 -13.54 1.5 0.8 -0.2 2017122006 KAI-TAK
31.0 1.0 -13.66 1.44 0.72 0.0 2017122012 KAI-TAK
32.0 1.0 -13.86 1.38 0.72 0.0 2017122018 KAI-TAK
33.0 1.0 -14.04 1.34 0.8 -0.2 2017122100 KAI-TAK
34.0 1.0 -14.18 1.3 0.8 -0.2 2017122106 KAI-TAK
35.0 1.0 -14.32 1.26 0.84 -0.6 2017122112 KAI-TAK
36.0 1.0 -14.52 1.2 0.88 -0.48 2017122118 KAI-TAK
37.0 1.0 -14.66 1.1 0.88 -0.6 2017122200 KAI-TAK
38.0 1.0 -14.8 1.04 0.88 -0.68 2017122206 KAI-TAK
39.0 1.0 -14.94 0.94 0.88 -0.68 2017122212 KAI-TAK
40.0 1.0 -15.06 0.82 0.88 -0.6 2017122218 KAI-TAK
41.0 1.0 -15.1 0.74 0.88 -0.48 2017122300 KAI-TAK
42.0 1.0 -15.08 0.6 0.88 -0.48 2017122306 KAI-TAK
43.0 1.0 -15.04 0.56 0.88 -0.4 2017122312 KAI-TAK
44.0 1.0 -15.02 0.52 0.92 -0.28 2017122318 KAI-TAK
