0.0 1.0 -5.84 1.62 0.92 null 2018020800 SANBA
1.0 1.0 -6.0 1.84 0.88 null 2018020806 SANBA
2.0 1.0 -6.12 2.1 0.92 null 2018020812 SANBA
3.0 1.0 -6.36 2.16 0.88 null 2018020818 SANBA
4.0 1.0 -6.54 2.1 0.92 null 2018020900 SANBA
5.0 1.0 -6.7 2.06 0.88 null 2018020906 SANBA
6.0 1.0 -6.88 1.96 0.96 null 2018020912 SANBA
7.0 1.0 -7.06 1.84 0.92 null 2018020918 SANBA
8.0 1.0 -7.32 1.68 0.96 -1.08 2018021000 SANBA
9.0 1.0 -7.58 1.5 0.88 -1.0 2018021006 SANBA
10.0 1.0 -7.9 1.34 0.88 -1.0 2018021012 SANBA
11.0 1.0 -8.24 1.32 0.84 -1.0 2018021018 SANBA
12.0 1.0 -8.54 1.32 0.84 -1.0 2018021100 SANBA
13.0 1.0 -8.82 1.36 0.8 -0.2 2018021106 SANBA
14.0 1.0 -9.1 1.4 0.8 -0.2 2018021112 SANBA
15.0 1.0 -9.36 1.42 0.8 -0.2 2018021118 SANBA
16.0 1.0 -9.62 1.42 0.8 -0.2 2018021200 SANBA
17.0 1.0 -9.86 1.44 0.8 -0.2 2018021206 SANBA
18.0 1.0 -10.18 1.56 0.8 -0.2 2018021212 SANBA
19.0 1.0 -10.48 1.7 0.8 -0.2 2018021218 SANBA
20.0 1.0 -10.78 1.84 0.84 -0.2 2018021300 SANBA
21.0 1.0 -11.06 1.88 0.92 -0.88 2018021306 SANBA
22.0 1.0 -11.3 1.82 0.96 -1.0 2018021312 SANBA
23.0 1.0 -11.64 1.74 0.96 -1.08 2018021318 SANBA
24.0 1.0 -11.94 1.54 0.96 -1.08 2018021400 SANBA
25.0 1.0 -12.02 1.42 0.96 -1.08 2018021406 SANBA
26.0 1.0 -12.06 1.4 1.0 -1.08 2018021412 SANBA
27.0 1.0 -12.04 1.48 0.96 -1.08 2018021418 SANBA
28.0 1.0 -12.08 1.6 1.0 -1.08 2018021500 SANBA
29.0 1.0 -12.16 1.74 0.96 -1.08 2018021506 SANBA
30.0 1.0 -12.32 1.8 1.0 -1.2 2018021512 SANBA
31.0 1.0 -12.48 1.86 1.0 -1.2 2018021518 SANBA
32.0 1.0 -12.78 1.96 1.04 -1.2 2018021600 SANBA
33.0 1.0 -12.86 1.98 1.0 -1.2 2018021606 SANBA
