0.0 1.0 -7.92 1.36 null null 2018122312 UNNAMED_N07140
1.0 1.0 -8.16 1.38 null null 2018122318 UNNAMED_N07140
2.0 1.0 -8.4 1.4 null null 2018122400 UNNAMED_N07140
3.0 1.0 -8.58 1.4 null null 2018122406 UNNAMED_N07140
4.0 1.0 -8.7 1.42 null null 2018122412 UNNAMED_N07140
5.0 1.0 -8.8 1.44 null null 2018122418 UNNAMED_N07140
6.0 1.0 -8.86 1.52 null null 2018122500 UNNAMED_N07140
7.0 1.0 -8.94 1.66 null null 2018122506 UNNAMED_N07140
8.0 1.0 -9.04 1.8 null null 2018122512 UNNAMED_N07140
9.0 1.0 -9.26 1.9 null null 2018122518 UNNAMED_N07140
10.0 1.0 -9.38 1.92 null null 2018122600 UNNAMED_N07140
11.0 1.0 -9.6 1.98 null null 2018122606 UNNAMED_N07140
12.0 1.0 -9.74 2.04 null null 2018122612 UNNAMED_N07140
13.0 1.0 -9.86 2.04 null null 2018122618 UNNAMED_N07140
14.0 1.0 -9.96 2.04 0.88 -1.08 2018122700 UNNAMED_N07140
15.0 1.0 -10.04 2.06 0.88 -1.08 2018122706 UNNAMED_N07140
16.0 1.0 -10.14 2.08 0.88 -1.08 2018122712 UNNAMED_N07140
17.0 1.0 -10.22 2.12 0.88 -1.08 2018122718 UNNAMED_N07140
18.0 1.0 -10.32 2.12 0.8 -1.0 2018122800 UNNAMED_N07140
19.0 1.0 -10.36 2.14 0.8 -1.0 2018122806 UNNAMED_N07140
20.0 1.0 -10.54 2.18 0.8 -1.0 2018122812 UNNAMED_N07140
21.0 1.0 -10.74 2.26 0.8 -1.0 2018122818 UNNAMED_N07140
22.0 1.0 -11.04 2.3 0.8 -1.0 2018122900 UNNAMED_N07140
23.0 1.0 -11.32 2.34 0.8 -1.0 2018122906 UNNAMED_N07140
24.0 1.0 -11.58 2.24 0.88 -1.08 2018122912 UNNAMED_N07140
25.0 1.0 -11.8 2.04 0.88 -1.08 2018122918 UNNAMED_N07140
26.0 1.0 -12.02 1.76 0.88 -1.08 2018123000 UNNAMED_N07140
