0.0 1.0 -8.44 3.8 null null 2018071312 SON-TINH
1.0 1.0 -8.62 3.88 null null 2018071318 SON-TINH
2.0 1.0 -8.8 3.96 null null 2018071400 SON-TINH
3.0 1.0 -9.02 4.06 null null 2018071406 SON-TINH
4.0 1.0 -9.24 4.1 null null 2018071412 SON-TINH
5.0 1.0 -9.56 4.12 null null 2018071418 SON-TINH
6.0 1.0 -9.84 4.06 null null 2018071500 SON-TINH
7.0 1.0 -10.1 3.92 null null 2018071506 SON-TINH
8.0 1.0 -10.32 3.78 null null 2018071512 SON-TINH
9.0 1.0 -10.62 3.84 null null 2018071518 SON-TINH
10.0 1.0 -10.94 3.78 0.8 -1.08 2018071600 SON-TINH
11.0 1.0 -11.22 3.76 0.76 -1.0 2018071606 SON-TINH
12.0 1.0 -11.52 3.74 0.76 -1.0 2018071612 SON-TINH
13.0 1.0 -11.84 3.84 0.76 -1.0 2018071618 SON-TINH
14.0 1.0 -12.34 3.88 0.72 -0.2 2018071700 SON-TINH
15.0 1.0 -12.86 3.86 0.72 -0.2 2018071706 SON-TINH
16.0 1.0 -13.3 3.8 0.68 0.0 2018071712 SON-TINH
17.0 1.0 -13.74 3.78 0.68 0.0 2018071718 SON-TINH
18.0 1.0 -14.1 3.76 0.72 -0.2 2018071800 SON-TINH
19.0 1.0 -14.42 3.76 0.68 0.0 2018071806 SON-TINH
20.0 1.0 -14.64 3.74 0.68 0.0 2018071812 SON-TINH
21.0 1.0 -14.88 3.8 0.68 -0.2 2018071818 SON-TINH
22.0 1.0 -15.08 3.82 0.76 -0.8 2018071900 SON-TINH
23.0 1.0 -15.28 3.88 0.8 -0.8 2018071906 SON-TINH
24.0 1.0 -15.4 3.92 0.8 -0.68 2018071912 SON-TINH
25.0 1.0 -15.42 3.96 0.8 -0.68 2018071918 SON-TINH
26.0 1.0 -15.38 4.02 0.84 -0.6 2018072000 SON-TINH
27.0 1.0 -15.3 4.08 0.8 -0.6 2018072006 SON-TINH
28.0 1.0 -15.18 4.1 0.8 -0.6 2018072012 SON-TINH
29.0 1.0 -15.06 4.1 0.8 -1.08 2018072018 SON-TINH
30.0 1.0 -14.9 4.08 0.8 -1.08 2018072100 SON-TINH
31.0 1.0 -14.78 3.98 0.76 -1.0 2018072106 SON-TINH
32.0 1.0 -14.7 3.94 0.76 -1.0 2018072112 SON-TINH
33.0 1.0 -14.56 3.88 0.72 -1.0 2018072118 SON-TINH
34.0 1.0 -14.46 3.86 0.72 -1.08 2018072200 SON-TINH
35.0 1.0 -14.36 3.82 0.72 -1.08 2018072206 SON-TINH
36.0 1.0 -14.22 3.8 0.68 -1.08 2018072212 SON-TINH
37.0 1.0 -14.12 3.88 0.68 -1.0 2018072218 SON-TINH
38.0 1.0 -14.04 3.98 0.72 -1.0 2018072300 SON-TINH
39.0 1.0 -13.96 4.08 0.68 -0.88 2018072306 SON-TINH
40.0 1.0 -13.9 4.16 0.68 -1.08 2018072312 SON-TINH
41.0 1.0 -13.9 4.22 0.68 -1.0 2018072318 SON-TINH
42.0 1.0 -14.02 4.38 0.76 -1.0 2018072400 SON-TINH
43.0 1.0 -14.2 4.5 0.76 -1.0 2018072406 SON-TINH
44.0 1.0 -14.34 4.62 0.76 -0.88 2018072412 SON-TINH
45.0 1.0 -14.48 4.72 0.8 -0.88 2018072418 SON-TINH
