0.0 1.0 -12.26 4.44 0.72 -1.08 2018082200 UNNAMED_N22119
1.0 1.0 -12.2 4.44 0.72 -1.08 2018082206 UNNAMED_N22119
2.0 1.0 -12.12 4.44 0.72 -1.08 2018082212 UNNAMED_N22119
3.0 1.0 -12.0 4.46 0.72 -1.08 2018082218 UNNAMED_N22119
4.0 1.0 -11.9 4.56 0.68 -1.0 2018082300 UNNAMED_N22119
5.0 1.0 -11.92 4.68 0.68 -1.0 2018082306 UNNAMED_N22119
6.0 1.0 -11.92 4.76 0.68 -1.0 2018082312 UNNAMED_N22119
7.0 1.0 -11.94 4.82 0.68 -1.0 2018082318 UNNAMED_N22119
8.0 1.0 -11.94 4.86 0.68 -1.0 2018082400 UNNAMED_N22119
9.0 1.0 -11.9 4.9 0.68 -1.0 2018082406 UNNAMED_N22119
10.0 1.0 -11.96 4.96 0.68 -1.0 2018082412 UNNAMED_N22119
11.0 1.0 -12.02 5.0 0.68 -1.0 2018082418 UNNAMED_N22119
12.0 1.0 -12.12 5.02 0.68 -1.0 2018082500 UNNAMED_N22119
13.0 1.0 -12.36 5.02 0.72 -1.08 2018082506 UNNAMED_N22119
14.0 1.0 -12.64 5.0 0.8 -1.0 2018082512 UNNAMED_N22119
