0.0 1.0 -13.38 1.98 0.96 null 2018111618 TORAJI
1.0 1.0 -13.56 2.06 0.96 -1.08 2018111700 TORAJI
2.0 1.0 -13.68 2.1 0.88 -0.2 2018111706 TORAJI
3.0 1.0 -13.8 2.16 0.88 -0.2 2018111712 TORAJI
4.0 1.0 -13.9 2.22 0.92 -0.2 2018111718 TORAJI
5.0 1.0 -14.04 2.28 0.96 -1.08 2018111800 TORAJI
6.0 1.0 -14.18 2.34 0.96 -1.08 2018111806 TORAJI
7.0 1.0 -14.44 2.38 1.0 -1.08 2018111812 TORAJI
8.0 1.0 -14.68 2.3 0.88 -1.08 2018111818 TORAJI
9.0 1.0 -14.86 2.12 0.88 -1.08 2018111900 TORAJI
10.0 1.0 -15.0 1.96 0.88 -1.08 2018111906 TORAJI
11.0 1.0 -15.18 1.84 0.88 -1.08 2018111912 TORAJI
12.0 1.0 -15.32 1.76 0.84 -1.0 2018111918 TORAJI
13.0 1.0 -15.44 1.7 0.84 -1.0 2018112000 TORAJI
14.0 1.0 -15.58 1.66 0.84 -1.0 2018112006 TORAJI
15.0 1.0 -15.7 1.64 0.84 -1.0 2018112012 TORAJI
16.0 1.0 -15.82 1.6 0.88 -1.08 2018112018 TORAJI
17.0 1.0 -15.94 1.52 0.88 -1.08 2018112100 TORAJI
