0.0 1.0 -12.72 3.6 0.5 -0.6 2018072012 UNNAMED_N18116
1.0 1.0 -12.46 3.56 0.8 -1.08 2018072018 UNNAMED_N18116
2.0 1.0 -12.28 3.6 0.8 -1.08 2018072100 UNNAMED_N18116
3.0 1.0 -12.04 3.68 0.76 -1.0 2018072106 UNNAMED_N18116
4.0 1.0 -11.84 3.78 0.76 -1.0 2018072112 UNNAMED_N18116
5.0 1.0 -11.62 3.96 0.76 -1.0 2018072118 UNNAMED_N18116
6.0 1.0 -11.42 4.16 0.84 -1.08 2018072200 UNNAMED_N18116
7.0 1.0 -11.24 4.4 0.84 -1.08 2018072206 UNNAMED_N18116
8.0 1.0 -11.22 4.7 0.84 -1.08 2018072212 UNNAMED_N18116
9.0 1.0 -11.26 4.96 0.8 -1.0 2018072218 UNNAMED_N18116
10.0 1.0 -11.28 5.26 0.8 -1.0 2018072300 UNNAMED_N18116
11.0 1.0 -11.3 5.66 0.76 -0.88 2018072306 UNNAMED_N18116
12.0 1.0 -11.42 5.96 0.88 -1.08 2018072312 UNNAMED_N18116
13.0 1.0 -11.52 6.26 0.84 -1.0 2018072318 UNNAMED_N18116
14.0 1.0 -11.58 6.62 0.84 -1.0 2018072400 UNNAMED_N18116
