0.0 1.0 -13.48 2.46 null null 2018060206 EWINIAR
1.0 1.0 -13.66 2.48 0.88 -1.08 2018060212 EWINIAR
2.0 1.0 -13.68 2.62 0.88 -1.08 2018060218 EWINIAR
3.0 1.0 -13.74 2.76 0.84 -1.08 2018060300 EWINIAR
4.0 1.0 -13.8 2.94 0.84 -1.0 2018060306 EWINIAR
5.0 1.0 -13.84 3.02 0.84 -1.0 2018060312 EWINIAR
6.0 1.0 -13.86 3.08 0.84 -1.0 2018060318 EWINIAR
7.0 1.0 -13.9 3.12 0.84 -1.0 2018060400 EWINIAR
8.0 1.0 -13.9 3.16 0.84 -1.0 2018060406 EWINIAR
9.0 1.0 -13.86 3.22 0.84 -1.0 2018060412 EWINIAR
10.0 1.0 -13.8 3.34 0.8 -1.0 2018060418 EWINIAR
11.0 1.0 -13.76 3.48 0.8 -0.2 2018060500 EWINIAR
12.0 1.0 -13.74 3.7 0.8 -0.2 2018060506 EWINIAR
13.0 1.0 -13.76 3.94 0.8 -0.2 2018060512 EWINIAR
14.0 1.0 -13.82 4.1 0.8 -0.2 2018060518 EWINIAR
15.0 1.0 -13.9 4.1 0.8 -0.2 2018060600 EWINIAR
16.0 1.0 -13.92 4.04 0.76 -0.2 2018060606 EWINIAR
17.0 1.0 -13.86 4.02 0.76 -0.2 2018060612 EWINIAR
18.0 1.0 -13.8 4.06 0.76 -0.2 2018060618 EWINIAR
19.0 1.0 -13.76 4.14 0.76 -0.2 2018060700 EWINIAR
20.0 1.0 -13.7 4.2 0.76 0.0 2018060706 EWINIAR
21.0 1.0 -13.64 4.3 0.76 0.0 2018060712 EWINIAR
22.0 1.0 -13.6 4.42 0.76 0.0 2018060718 EWINIAR
23.0 1.0 -13.56 4.54 0.76 0.0 2018060800 EWINIAR
24.0 1.0 -13.52 4.62 0.76 -0.2 2018060806 EWINIAR
25.0 1.0 -13.48 4.68 0.76 -0.2 2018060812 EWINIAR
26.0 1.0 -13.36 4.68 0.76 -0.8 2018060818 EWINIAR
27.0 1.0 -13.24 4.64 0.76 -0.68 2018060900 EWINIAR
28.0 1.0 -13.18 4.62 0.76 -0.6 2018060906 EWINIAR
29.0 1.0 -13.12 4.58 0.76 -0.6 2018060912 EWINIAR
30.0 1.0 -12.98 4.52 0.76 -0.6 2018060918 EWINIAR
31.0 1.0 -12.72 4.54 0.8 -0.4 2018061000 EWINIAR
32.0 1.0 -12.28 4.62 0.76 -0.4 2018061006 EWINIAR
33.0 1.0 -11.64 4.68 0.8 -0.48 2018061012 EWINIAR
34.0 1.0 -11.44 4.78 0.76 -0.48 2018061018 EWINIAR
35.0 1.0 -11.26 4.92 0.76 -0.6 2018061100 EWINIAR
36.0 1.0 -10.94 4.98 0.76 -0.6 2018061106 EWINIAR
