0.0 1.0 -12.56 4.32 0.72 -1.08 2018061312 GAEMI
1.0 1.0 -12.48 4.32 0.72 -1.08 2018061318 GAEMI
2.0 1.0 -12.34 4.32 0.72 -1.0 2018061400 GAEMI
3.0 1.0 -12.18 4.38 0.68 -1.0 2018061406 GAEMI
4.0 1.0 -12.06 4.46 0.68 -1.0 2018061412 GAEMI
5.0 1.0 -11.96 4.52 0.68 -1.0 2018061418 GAEMI
6.0 1.0 -11.92 4.56 0.68 -0.2 2018061500 GAEMI
7.0 1.0 -11.64 4.66 0.68 -0.2 2018061506 GAEMI
8.0 1.0 -11.24 4.94 0.68 -0.2 2018061512 GAEMI
9.0 1.0 -10.96 5.1 0.68 0.0 2018061518 GAEMI
10.0 1.0 -10.58 5.28 0.64 0.0 2018061600 GAEMI
11.0 1.0 -10.24 5.38 0.6 0.2 2018061606 GAEMI
12.0 1.0 -9.88 5.46 0.64 0.0 2018061612 GAEMI
13.0 1.0 -9.74 5.56 0.64 0.0 2018061618 GAEMI
14.0 1.0 -9.58 5.7 0.72 -1.0 2018061700 GAEMI
15.0 1.0 -9.46 5.88 0.72 -1.0 2018061706 GAEMI
16.0 1.0 -9.3 6.0 0.72 -1.0 2018061712 GAEMI
17.0 1.0 -9.16 6.1 0.72 -1.0 2018061718 GAEMI
18.0 1.0 -8.94 6.22 0.72 -1.0 2018061800 GAEMI
19.0 1.0 -8.56 6.34 0.72 -1.0 2018061806 GAEMI
20.0 1.0 -8.2 6.4 0.76 -1.08 2018061812 GAEMI
21.0 1.0 -7.7 6.52 0.76 -1.08 2018061818 GAEMI
22.0 1.0 -7.2 6.74 0.76 -1.08 2018061900 GAEMI
23.0 1.0 -6.74 6.96 0.72 -1.08 2018061906 GAEMI
24.0 1.0 -6.36 7.16 0.64 -1.08 2018061912 GAEMI
25.0 1.0 -5.96 7.22 0.68 -1.08 2018061918 GAEMI
26.0 1.0 -5.8 7.34 0.72 -1.08 2018062000 GAEMI
27.0 1.0 -5.7 7.46 0.76 -1.08 2018062006 GAEMI
28.0 1.0 -5.58 7.62 0.8 null 2018062012 GAEMI
29.0 1.0 -5.5 7.74 0.8 null 2018062018 GAEMI
30.0 1.0 -5.36 7.86 0.84 null 2018062100 GAEMI
31.0 1.0 -5.18 8.0 0.84 null 2018062106 GAEMI
32.0 1.0 -5.18 8.2 0.76 null 2018062112 GAEMI
