0.0 1.0 -1.96 2.36 0.96 -0.88 2018090612 MANGKHUT
1.0 1.0 -2.16 2.4 0.96 -0.88 2018090618 MANGKHUT
2.0 1.0 -2.42 2.42 0.96 -1.08 2018090700 MANGKHUT
3.0 1.0 -2.68 2.48 0.92 -1.0 2018090706 MANGKHUT
4.0 1.0 -2.92 2.56 0.8 -0.2 2018090712 MANGKHUT
5.0 1.0 -3.24 2.62 0.8 -0.2 2018090718 MANGKHUT
6.0 1.0 -3.52 2.72 0.76 0.0 2018090800 MANGKHUT
7.0 1.0 -3.84 2.86 0.72 0.0 2018090806 MANGKHUT
8.0 1.0 -4.18 2.92 0.64 0.2 2018090812 MANGKHUT
9.0 1.0 -4.56 2.96 0.6 0.4 2018090818 MANGKHUT
10.0 1.0 -5.0 2.98 0.3 1.0 2018090900 MANGKHUT
11.0 1.0 -5.4 3.06 0.3 1.0 2018090906 MANGKHUT
12.0 1.0 -5.74 3.02 0.2 1.2 2018090912 MANGKHUT
13.0 1.0 -6.16 2.94 -0.1 1.6 2018090918 MANGKHUT
14.0 1.0 -6.5 2.9 -0.1 1.6 2018091000 MANGKHUT
15.0 1.0 -6.88 2.86 -0.1 1.6 2018091006 MANGKHUT
16.0 1.0 -7.16 2.82 -0.2 1.8 2018091012 MANGKHUT
17.0 1.0 -7.46 2.8 -0.4 2.0 2018091018 MANGKHUT
18.0 1.0 -7.76 2.8 -0.5 2.2 2018091100 MANGKHUT
19.0 1.0 -8.04 2.78 -0.9 2.6 2018091106 MANGKHUT
20.0 1.0 -8.26 2.74 -1.1 2.8 2018091112 MANGKHUT
21.0 1.0 -8.54 2.8 -1.1 2.8 2018091118 MANGKHUT
22.0 1.0 -8.76 2.78 -1.1 2.8 2018091200 MANGKHUT
23.0 1.0 -8.96 2.8 -1.1 2.8 2018091206 MANGKHUT
24.0 1.0 -9.2 2.86 -1.1 2.8 2018091212 MANGKHUT
25.0 1.0 -9.5 2.88 -1.1 2.8 2018091218 MANGKHUT
26.0 1.0 -9.72 2.9 -1.1 2.8 2018091300 MANGKHUT
27.0 1.0 -9.98 2.94 -1.1 2.8 2018091306 MANGKHUT
28.0 1.0 -10.22 2.98 -1.1 2.8 2018091312 MANGKHUT
29.0 1.0 -10.42 3.04 -1.1 2.8 2018091318 MANGKHUT
30.0 1.0 -10.62 3.18 -1.1 2.8 2018091400 MANGKHUT
31.0 1.0 -10.88 3.34 -1.1 2.8 2018091406 MANGKHUT
32.0 1.0 -11.18 3.48 -1.1 2.8 2018091412 MANGKHUT
33.0 1.0 -11.54 3.6 -1.1 2.8 2018091418 MANGKHUT
34.0 1.0 -11.86 3.62 -0.4 2.0 2018091500 MANGKHUT
35.0 1.0 -12.06 3.7 -0.4 2.0 2018091506 MANGKHUT
36.0 1.0 -12.34 3.84 -0.2 1.8 2018091512 MANGKHUT
37.0 1.0 -12.62 3.96 -0.1 1.6 2018091518 MANGKHUT
38.0 1.0 -12.94 4.14 0.0 1.4 2018091600 MANGKHUT
39.0 1.0 -13.3 4.3 0.0 1.4 2018091606 MANGKHUT
40.0 1.0 -13.68 4.42 0.2 1.0 2018091612 MANGKHUT
41.0 1.0 -14.04 4.48 0.4 0.6 2018091618 MANGKHUT
42.0 1.0 -14.3 4.6 0.64 0.2 2018091700 MANGKHUT
43.0 1.0 -14.58 4.74 0.76 -1.0 2018091706 MANGKHUT
44.0 1.0 -14.88 4.78 0.84 -1.08 2018091712 MANGKHUT
45.0 1.0 -15.22 4.82 0.88 null 2018091718 MANGKHUT
