0.0 1.0 -3.84 1.66 0.96 null 2018102018 YUTU
1.0 1.0 -4.06 1.66 0.96 -1.08 2018102100 YUTU
2.0 1.0 -4.26 1.68 0.88 -1.08 2018102106 YUTU
3.0 1.0 -4.44 1.7 0.92 -1.0 2018102112 YUTU
4.0 1.0 -4.62 1.76 0.88 -1.0 2018102118 YUTU
5.0 1.0 -4.82 1.84 0.84 -0.2 2018102200 YUTU
6.0 1.0 -5.0 2.0 0.72 0.0 2018102206 YUTU
7.0 1.0 -5.22 2.14 0.64 0.2 2018102212 YUTU
8.0 1.0 -5.46 2.24 0.6 0.4 2018102218 YUTU
9.0 1.0 -5.68 2.32 0.3 1.0 2018102300 YUTU
10.0 1.0 -5.88 2.38 0.2 1.2 2018102306 YUTU
11.0 1.0 -6.08 2.42 -0.1 1.6 2018102312 YUTU
12.0 1.0 -6.22 2.54 -0.2 1.8 2018102318 YUTU
13.0 1.0 -6.4 2.66 -0.7 2.4 2018102400 YUTU
14.0 1.0 -6.58 2.8 -0.9 2.6 2018102406 YUTU
15.0 1.0 -6.76 2.94 -1.2 3.0 2018102412 YUTU
16.0 1.0 -6.94 3.06 -1.2 3.0 2018102418 YUTU
17.0 1.0 -7.18 3.16 -1.2 3.0 2018102500 YUTU
18.0 1.0 -7.36 3.2 -0.9 2.6 2018102506 YUTU
19.0 1.0 -7.54 3.26 -0.5 2.2 2018102512 YUTU
20.0 1.0 -7.72 3.32 -0.5 2.2 2018102518 YUTU
21.0 1.0 -7.94 3.36 -0.5 2.2 2018102600 YUTU
22.0 1.0 -8.18 3.4 -0.7 2.4 2018102606 YUTU
23.0 1.0 -8.48 3.44 -0.7 2.4 2018102612 YUTU
24.0 1.0 -8.76 3.52 -0.9 2.6 2018102618 YUTU
25.0 1.0 -9.06 3.54 -0.9 2.6 2018102700 YUTU
26.0 1.0 -9.34 3.58 -0.9 2.6 2018102706 YUTU
27.0 1.0 -9.56 3.6 -0.9 2.6 2018102712 YUTU
28.0 1.0 -9.78 3.6 -0.7 2.4 2018102718 YUTU
29.0 1.0 -9.98 3.6 -0.5 2.2 2018102800 YUTU
30.0 1.0 -10.18 3.58 -0.2 1.8 2018102806 YUTU
31.0 1.0 -10.38 3.56 -0.1 1.6 2018102812 YUTU
32.0 1.0 -10.58 3.5 0.2 1.2 2018102818 YUTU
33.0 1.0 -10.76 3.4 0.2 1.2 2018102900 YUTU
34.0 1.0 -10.94 3.36 -0.1 1.6 2018102906 YUTU
35.0 1.0 -11.16 3.36 -0.1 1.6 2018102912 YUTU
36.0 1.0 -11.4 3.36 -0.1 1.6 2018102918 YUTU
37.0 1.0 -11.68 3.34 0.2 1.2 2018103000 YUTU
38.0 1.0 -11.96 3.32 0.5 0.6 2018103006 YUTU
39.0 1.0 -12.16 3.34 0.5 0.6 2018103012 YUTU
40.0 1.0 -12.26 3.38 0.6 0.4 2018103018 YUTU
41.0 1.0 -12.38 3.5 0.6 0.4 2018103100 YUTU
42.0 1.0 -12.48 3.6 0.64 0.2 2018103106 YUTU
43.0 1.0 -12.54 3.68 0.64 0.2 2018103112 YUTU
44.0 1.0 -12.6 3.78 0.64 0.2 2018103118 YUTU
45.0 1.0 -12.66 3.9 0.68 0.2 2018110100 YUTU
46.0 1.0 -12.68 4.0 0.68 0.2 2018110106 YUTU
47.0 1.0 -12.7 4.06 0.68 0.2 2018110112 YUTU
48.0 1.0 -12.72 4.12 0.8 0.0 2018110118 YUTU
49.0 1.0 -12.74 4.14 0.96 -0.2 2018110200 YUTU
50.0 1.0 -12.78 4.14 0.96 -0.8 2018110206 YUTU
51.0 1.0 -12.82 4.1 1.04 -0.88 2018110212 YUTU
52.0 1.0 -12.84 4.04 1.04 -1.0 2018110218 YUTU
53.0 1.0 -12.88 3.98 1.08 -1.08 2018110300 YUTU
54.0 1.0 -12.92 3.92 0.96 -1.08 2018110306 YUTU
