0.0 1.0 -0.2 1.46 null null 2018110700 USAGI
1.0 1.0 -0.32 1.46 null null 2018110706 USAGI
2.0 1.0 -0.44 1.44 null null 2018110712 USAGI
3.0 1.0 -0.48 1.44 null null 2018110718 USAGI
4.0 1.0 -0.52 1.44 null null 2018110800 USAGI
5.0 1.0 -0.64 1.44 null null 2018110806 USAGI
6.0 1.0 -0.8 1.5 null null 2018110812 USAGI
7.0 1.0 -1.04 1.54 null null 2018110818 USAGI
8.0 1.0 -1.18 1.6 null null 2018110900 USAGI
9.0 1.0 -1.38 1.66 null null 2018110906 USAGI
10.0 1.0 -1.6 1.68 null null 2018110912 USAGI
11.0 1.0 -1.74 1.7 null null 2018110918 USAGI
12.0 1.0 -1.88 1.7 null null 2018111000 USAGI
13.0 1.0 -2.08 1.7 null null 2018111006 USAGI
14.0 1.0 -2.3 1.76 null null 2018111012 USAGI
15.0 1.0 -2.54 1.96 null null 2018111018 USAGI
16.0 1.0 -2.82 2.12 null null 2018111100 USAGI
17.0 1.0 -3.12 2.24 null null 2018111106 USAGI
18.0 1.0 -3.44 2.3 null null 2018111112 USAGI
19.0 1.0 -3.66 2.3 null null 2018111118 USAGI
20.0 1.0 -3.86 2.24 null null 2018111200 USAGI
21.0 1.0 -4.06 2.12 null null 2018111206 USAGI
22.0 1.0 -4.3 2.02 null null 2018111212 USAGI
23.0 1.0 -4.5 1.9 null null 2018111218 USAGI
24.0 1.0 -4.62 1.92 0.92 null 2018111300 USAGI
25.0 1.0 -4.8 1.86 0.88 null 2018111306 USAGI
26.0 1.0 -4.98 1.78 0.92 null 2018111312 USAGI
27.0 1.0 -5.16 1.72 0.88 null 2018111318 USAGI
28.0 1.0 -5.34 1.68 0.92 null 2018111400 USAGI
29.0 1.0 -5.54 1.66 0.88 null 2018111406 USAGI
30.0 1.0 -5.8 1.66 0.92 null 2018111412 USAGI
31.0 1.0 -6.02 1.68 0.88 null 2018111418 USAGI
32.0 1.0 -6.16 1.74 0.92 null 2018111500 USAGI
33.0 1.0 -6.3 1.74 0.88 null 2018111506 USAGI
34.0 1.0 -6.46 1.72 0.92 null 2018111512 USAGI
35.0 1.0 -6.66 1.7 0.88 null 2018111518 USAGI
36.0 1.0 -6.84 1.68 0.92 null 2018111600 USAGI
37.0 1.0 -7.06 1.64 0.88 null 2018111606 USAGI
38.0 1.0 -7.32 1.64 0.92 null 2018111612 USAGI
39.0 1.0 -7.56 1.56 0.88 null 2018111618 USAGI
40.0 1.0 -7.8 1.52 0.88 -1.08 2018111700 USAGI
41.0 1.0 -8.04 1.48 0.88 -1.0 2018111706 USAGI
42.0 1.0 -8.36 1.42 0.88 -0.88 2018111712 USAGI
43.0 1.0 -8.64 1.36 0.88 -1.08 2018111718 USAGI
44.0 1.0 -8.92 1.32 0.88 -1.08 2018111800 USAGI
45.0 1.0 -9.1 1.28 0.84 -1.08 2018111806 USAGI
46.0 1.0 -9.26 1.34 0.88 -1.08 2018111812 USAGI
47.0 1.0 -9.38 1.44 0.84 -1.08 2018111818 USAGI
48.0 1.0 -9.54 1.58 0.88 -1.08 2018111900 USAGI
49.0 1.0 -9.76 1.74 0.84 -1.08 2018111906 USAGI
50.0 1.0 -9.98 1.86 0.88 -1.08 2018111912 USAGI
51.0 1.0 -10.16 1.96 0.84 -1.0 2018111918 USAGI
52.0 1.0 -10.3 2.04 0.88 -1.0 2018112000 USAGI
53.0 1.0 -10.5 2.1 0.84 -1.0 2018112006 USAGI
54.0 1.0 -10.68 2.18 0.88 -1.0 2018112012 USAGI
55.0 1.0 -10.94 2.26 0.88 -1.08 2018112018 USAGI
56.0 1.0 -11.3 2.2 0.92 -1.08 2018112100 USAGI
57.0 1.0 -11.64 2.14 0.88 -1.08 2018112106 USAGI
58.0 1.0 -11.92 2.1 0.92 -1.08 2018112112 USAGI
59.0 1.0 -12.2 2.14 0.92 -1.0 2018112118 USAGI
60.0 1.0 -12.52 2.18 0.88 -0.2 2018112200 USAGI
61.0 1.0 -12.84 2.26 0.88 -0.2 2018112206 USAGI
62.0 1.0 -13.14 2.24 0.88 -0.2 2018112212 USAGI
63.0 1.0 -13.32 2.16 0.88 -0.2 2018112218 USAGI
64.0 1.0 -13.48 2.14 0.8 0.2 2018112300 USAGI
65.0 1.0 -13.68 2.12 0.72 0.4 2018112306 USAGI
66.0 1.0 -13.84 2.06 0.72 0.4 2018112312 USAGI
67.0 1.0 -13.96 2.0 0.72 0.4 2018112318 USAGI
68.0 1.0 -14.1 1.96 0.6 0.8 2018112400 USAGI
69.0 1.0 -14.26 1.94 0.6 0.8 2018112406 USAGI
70.0 1.0 -14.34 1.96 0.64 0.6 2018112412 USAGI
71.0 1.0 -14.44 1.96 0.64 0.6 2018112418 USAGI
72.0 1.0 -14.5 2.0 0.76 0.2 2018112500 USAGI
73.0 1.0 -14.56 2.04 0.8 0.0 2018112506 USAGI
74.0 1.0 -14.6 2.12 0.84 -0.2 2018112512 USAGI
75.0 1.0 -14.66 2.2 0.88 -0.2 2018112518 USAGI
76.0 1.0 -14.78 2.24 0.96 -1.08 2018112600 USAGI
77.0 1.0 -14.88 2.28 0.96 -1.08 2018112606 USAGI
78.0 1.0 -15.0 2.32 1.0 -1.08 2018112612 USAGI
79.0 1.0 -15.2 2.4 1.0 -1.0 2018112618 USAGI
